STATIONS_ID;MESS_DATUM;QN_3;  FX;  FM;QN_4; RSK;RSKF; SDK;SHK_TAG;  NM; VPM;  PM; TMK; UPM; TXK; TNK; TGK;eor
        403;20180307;-999;-999;-999;    3;   2.2;   8;    0.000;   1;   8.0;   6.6;  984.29;    1.2;   98.79;    1.9;    0.3;   -0.5;eor
        403;20180308;-999;-999;-999;    3;   5.7;   8;    3.267;   0;   6.6;   6.8;  991.08;    4.3;   83.25;    9.6;    0.9;   -0.7;eor
        403;20180309;-999;-999;-999;    3;   0.0;   6;    2.983;   0;   5.1;   6.4;  995.77;    4.3;   78.71;    8.7;   -1.0;   -3.5;eor
        403;20180310;-999;-999;-999;    3;   2.0;   6;    0.083;   0;   6.6;   8.3;  995.28;    4.5;   96.04;    9.2;   -1.2;   -3.2;eor
        403;20180311;-999;-999;-999;    3;   0.0;   0;    8.967;   0;   4.3;   9.5;  989.85;    9.7;   81.30;   16.5;    3.3;   -1.1;eor
        403;20180312;-999;-999;-999;    3;   7.6;   6;    0.000;   0;   7.6;  10.2;  982.31;    8.0;   94.96;    9.8;    5.1;    0.9;eor
        403;20180313;-999;-999;-999;    3;   1.9;   6;    0.783;   0;   7.0;   9.5;  989.08;    8.8;   84.54;   11.5;    4.0;    3.5;eor
        403;20180314;-999;-999;-999;    3;   0.0;   6;    0.000;   0;   7.6;   7.0; 1000.86;    3.9;   87.00;    5.2;    2.5;    1.6;eor
        403;20180315;-999;-999;-999;    3;   0.0;   0;    0.000;   0;   7.6;   6.2;  999.69;    3.0;   82.38;    4.9;    1.7;    0.9;eor
        403;20180316;-999;-999;-999;    3;   0.4;   8;    0.000;   0;   8.0;   4.5;  998.96;   -0.2;   73.63;    1.7;   -2.7;   -3.0;eor
        403;20180317;-999;-999;-999;    3;   0.0;   0;    8.417;   0;   6.4;   2.6; 1004.68;   -3.1;   52.71;   -0.5;   -5.3;   -5.5;eor
        403;20180318;-999;-999;-999;    3;   0.0;   0;   11.400;   0;   2.7;   2.1; 1007.59;   -2.4;   41.88;    1.7;   -6.0;   -7.6;eor
        403;20180319;-999;-999;-999;    3;   0.0;   0;   11.617;   0;   0.9;   2.4; 1005.48;   -1.5;   45.88;    4.3;   -6.0;   -9.5;eor
        403;20180320;-999;-999;-999;    3;   1.1;   7;    0.550;   0;   4.4;   4.2; 1005.90;   -1.8;   77.50;    2.5;   -6.5;   -8.6;eor
        403;20180321;-999;-999;-999;    3;   0.0;   7;    9.733;   0;   4.2;   4.2; 1015.00;    0.9;   65.57;    6.3;   -6.0;   -7.7;eor
        403;20180322;-999;-999;-999;    3;   3.9;   8;    0.000;   0;   8.0;   6.6; 1002.53;    2.2;   90.92;    4.1;    0.4;   -0.7;eor
        403;20180323;-999;-999;-999;    3;   0.1;   6;    0.000;   0;   8.0;   6.8;  997.59;    2.8;   91.33;    4.0;    1.6;    0.9;eor
        403;20180324;-999;-999;-999;    3;   0.0;   0;    3.433;   0;   5.2;   5.5;  996.47;    2.9;   74.17;    7.2;   -0.8;   -3.5;eor
        403;20180325;-999;-999;-999;    3;   0.0;   0;   10.783;   0;   5.4;   5.4;  998.22;    4.8;   66.63;   11.3;   -2.6;   -4.1;eor
        403;20180326;-999;-999;-999;    3;   0.0;   6;    1.383;   0;   7.1;   6.6; 1002.94;    5.4;   73.42;    7.8;    2.4;    0.9;eor
        403;20180327;-999;-999;-999;    3;   0.0;   8;    5.167;   0;   6.0;   5.4; 1004.84;    3.8;   68.54;    8.5;   -0.7;   -3.2;eor
        403;20180328;-999;-999;-999;    3;   7.7;   8;    0.000;   0;   7.9;   6.2;  996.01;    1.3;   92.54;    2.1;    0.4;   -0.3;eor
        403;20180329;-999;-999;-999;    3;   0.4;   8;    0.500;   0;   6.9;   6.8;  992.69;    4.8;   80.25;    7.8;    1.0;   -2.1;eor
        403;20180330;-999;-999;-999;    3;   0.0;   0;    9.917;   0;   5.5;   6.0;  997.95;    5.1;   71.13;   11.7;   -1.0;   -3.4;eor
        403;20180331;-999;-999;-999;    3;   2.5;   8;    0.000;   0;   7.5;   6.8;  989.73;    3.1;   88.13;    5.4;    1.1;   -0.8;eor
        403;20180401;-999;-999;-999;    3;   1.7;   8;    0.000;   0;   7.8;   6.4;  992.75;    1.3;   95.46;    2.1;    0.6;   -0.7;eor
        403;20180402;-999;-999;-999;    3;   1.6;   6;    8.600;   0;   4.7;   5.5;  999.80;    4.7;   66.33;    9.5;   -0.7;   -2.2;eor
        403;20180403;-999;-999;-999;    3;   0.2;   6;    5.617;   0;   7.0;   9.3;  994.32;   11.9;   67.96;   18.4;    4.8;    3.8;eor
        403;20180404;-999;-999;-999;    3;   2.1;   6;   10.383;   0;   6.0;   9.9;  993.60;   14.4;   63.42;   21.2;    8.0;    3.6;eor
        403;20180405;-999;-999;-999;    3;   0.2;   6;    4.600;   0;   5.3;   8.8;  998.30;   10.0;   71.83;   15.2;    3.5;    1.3;eor
        403;20180406;-999;-999;-999;    3;   0.0;   0;   12.367;   0;   1.0;   5.6; 1013.68;    6.6;   60.83;   12.9;    1.4;   -1.4;eor
        403;20180407;-999;-999;-999;    3;   0.0;   0;   12.850;   0;   3.1;   6.6; 1008.28;   12.1;   48.63;   21.1;    2.5;   -1.8;eor
        403;20180408;-999;-999;-999;    3;   0.0;   0;   12.017;   0;   0.7;   9.4; 1001.75;   14.0;   60.46;   20.6;    7.9;    3.5;eor
        403;20180409;-999;-999;-999;    3;   0.0;   0;   10.767;   0;   1.9;   9.6;  997.39;   14.4;   62.04;   22.3;    5.3;    1.6;eor
        403;20180410;-999;-999;-999;    3;   0.1;   6;   11.183;   0;   2.0;  11.2;  996.39;   17.4;   57.67;   24.7;   11.3;    6.5;eor
        403;20180411;-999;-999;-999;    3;   0.0;   6;   10.633;   0;   2.3;  12.3; 1000.15;   14.9;   72.96;   19.6;   11.4;    8.5;eor
        403;20180412;-999;-999;-999;    3;   0.0;   6;    8.900;   0;   4.7;  12.4;  996.61;   16.7;   67.83;   24.3;   10.1;    7.0;eor
        403;20180413;-999;-999;-999;    3;  23.8;   6;    1.750;   0;   6.8;  14.6;  997.27;   15.6;   83.00;   20.9;   10.9;    9.7;eor
        403;20180414;-999;-999;-999;    3;   4.3;   6;    3.850;   0;   6.5;  12.3; 1006.65;   12.6;   85.17;   17.3;    9.6;    6.2;eor
        403;20180415;-999;-999;-999;    3;   0.0;   6;   10.117;   0;   5.9;  11.1; 1004.27;   15.2;   68.46;   22.1;    8.7;    5.3;eor
        403;20180416;-999;-999;-999;    3;   3.0;   6;    0.217;   0;   7.4;  12.5; 1004.02;   12.1;   88.87;   15.8;    9.5;    8.0;eor
        403;20180417;-999;-999;-999;    3;   0.0;   0;   11.383;   0;   2.0;  10.2; 1015.84;   13.0;   71.58;   18.9;    7.9;    4.6;eor
        403;20180418;-999;-999;-999;    3;   0.0;   0;   12.517;   0;   1.5;  10.8; 1021.74;   15.5;   66.46;   23.7;    6.5;    3.5;eor
        403;20180419;-999;-999;-999;    3;   0.0;   0;   12.333;   0;   2.0;  12.6; 1021.13;   17.2;   67.75;   24.4;    8.8;    5.3;eor
        403;20180420;-999;-999;-999;    3;   0.0;   0;   13.183;   0;   2.1;  12.8; 1013.73;   19.0;   63.83;   27.1;   10.3;    6.3;eor
        403;20180421;-999;-999;-999;    3;   0.0;   0;   12.800;   0;   2.4;  10.8; 1009.76;   16.5;   59.17;   21.6;    9.5;    4.7;eor
        403;20180422;-999;-999;-999;    3;   0.0;   6;   12.267;   0;   4.0;  10.8; 1005.87;   16.2;   60.92;   23.7;    6.6;    2.8;eor
        403;20180423;-999;-999;-999;    3;   0.1;   6;    7.533;   0;   5.0;  13.1; 1002.15;   16.6;   69.46;   21.3;   11.0;    6.7;eor
        403;20180424;-999;-999;-999;    3;   0.6;   6;    2.617;   0;   6.5;  10.5; 1004.39;   12.5;   73.54;   16.4;    7.7;    4.2;eor
        403;20180425;-999;-999;-999;    3;   0.9;   6;    5.533;   0;   5.4;  10.7;  998.44;   12.4;   75.58;   18.4;    7.4;    3.2;eor
        403;20180426;-999;-999;-999;    3;   2.4;   6;    4.550;   0;   4.8;   9.3; 1003.64;    8.9;   82.21;   13.8;    5.8;    2.0;eor
        403;20180427;-999;-999;-999;    3;   0.0;   0;    9.367;   0;   5.3;   8.0; 1005.00;   10.6;   66.50;   16.4;    3.1;    0.0;eor
        403;20180428;-999;-999;-999;    3;   0.0;   6;   11.100;   0;   4.6;   9.1; 1001.10;   14.9;   58.17;   22.5;    5.0;    1.5;eor
        403;20180429;-999;-999;-999;    3;   0.0;   6;   11.267;   0;   3.2;  11.9; 1000.01;   17.6;   61.79;   24.6;   10.1;    6.1;eor
        403;20180430;-999;-999;-999;    3;   0.0;   6;   10.283;   0;   2.5;  12.2;  992.22;   16.4;   65.92;   23.6;    8.5;    3.8;eor
        403;20180501;-999;-999;-999;    3;   0.0;   0;   10.883;   0;   3.4;   8.1; 1000.30;   12.0;   59.08;   16.0;    4.4;    0.3;eor
        403;20180502;-999;-999;-999;    3;   0.0;   6;    4.267;   0;   6.0;   8.3; 1005.18;   10.5;   67.67;   14.9;    2.6;   -0.8;eor
        403;20180503;-999;-999;-999;    3;   0.0;   0;    9.383;   0;   4.3;   9.4; 1005.50;   13.7;   60.42;   18.9;    7.1;    2.0;eor
        403;20180504;-999;-999;-999;    3;   0.0;   0;   14.033;   0;   1.1;   7.2; 1014.05;   11.9;   54.75;   18.3;    4.2;    0.1;eor
        403;20180505;-999;-999;-999;    3;   0.0;   0;   14.433;   0;   1.8;   8.3; 1017.63;   13.1;   57.54;   19.5;    4.9;   -0.3;eor
        403;20180506;-999;-999;-999;    3;   0.0;   0;   14.533;   0;   0.5;  10.6; 1016.93;   15.0;   63.63;   21.8;    7.9;    2.6;eor
        403;20180507;-999;-999;-999;    3;   0.0;   0;   14.633;   0;   0.3;  11.2; 1012.96;   16.8;   62.38;   24.3;    7.7;    2.6;eor
        403;20180508;-999;-999;-999;    3;   0.0;   0;   14.550;   0;   0.1;  11.6; 1006.17;   18.5;   57.29;   25.6;   10.4;    5.2;eor
        403;20180509;-999;-999;-999;    3;   0.2;   6;   12.700;   0;   2.2;  14.1; 1000.61;   19.9;   61.96;   27.0;   12.7;    7.5;eor
        403;20180510;-999;-999;-999;    3;   5.8;   6;    7.167;   0;   6.2;  16.6;  999.70;   19.9;   74.21;   27.2;   14.4;   11.8;eor
        403;20180511;-999;-999;-999;    3;   0.0;   0;    0.350;   0;   6.4;  13.7; 1009.52;   13.5;   88.46;   15.8;    9.8;    6.3;eor
        403;20180512;-999;-999;-999;    3;   0.0;   0;    8.800;   0;   3.3;  13.8; 1008.13;   16.7;   74.75;   22.9;    9.0;    5.3;eor
        403;20180513;-999;-999;-999;    3;   0.0;   0;   14.533;   0;   0.7;  12.2; 1003.65;   20.2;   55.79;   26.5;   14.0;    9.5;eor
        403;20180514;-999;-999;-999;    3;   0.0;   0;   14.733;   0;   1.0;  10.2; 1004.84;   19.0;   47.17;   24.2;   11.8;    6.7;eor
        403;20180515;-999;-999;-999;    3;   7.2;   6;    6.200;   0;   4.6;  12.0; 1004.81;   15.1;   72.00;   22.9;   10.1;    6.3;eor
        403;20180516;-999;-999;-999;    3;   0.0;   0;    8.250;   0;   6.5;  13.1; 1002.60;   16.6;   72.46;   22.0;   11.2;    8.0;eor
        403;20180517;-999;-999;-999;    3;   0.0;   0;   12.933;   0;   6.0;  12.5; 1003.90;   15.9;   70.25;   21.1;   10.7;    7.6;eor
        403;20180518;-999;-999;-999;    3;   0.0;   6;    0.333;   0;   6.1;  11.4; 1009.55;   11.9;   82.17;   14.0;    8.8;    6.9;eor
        403;20180519;-999;-999;-999;    3;   0.0;   0;   12.533;   0;   5.3;   9.8; 1012.47;   16.1;   57.00;   22.2;   11.4;    6.6;eor
        403;20180520;-999;-999;-999;    3;   0.0;   0;   15.450;   0;   0.7;   7.9; 1015.24;   15.9;   45.04;   22.4;    8.3;    3.6;eor
        403;20180521;-999;-999;-999;    3;   0.0;   0;   14.583;   0;   1.4;   9.7; 1011.23;   17.2;   49.96;   23.9;    9.2;    3.2;eor
        403;20180522;-999;-999;-999;    3;   0.0;   0;   14.467;   0;   1.8;  10.4; 1006.42;   18.4;   50.71;   25.3;   10.5;    4.6;eor
        403;20180523;-999;-999;-999;    3;   0.0;   0;   14.033;   0;   4.8;  10.9; 1011.45;   19.4;   51.13;   25.5;   11.5;    5.6;eor
        403;20180524;-999;-999;-999;    3;   0.0;   0;   14.817;   0;   4.5;  11.8; 1013.14;   20.0;   51.29;   26.0;   14.2;    9.7;eor
        403;20180525;-999;-999;-999;    3;   0.0;   0;   13.667;   0;   2.1;  11.1; 1011.57;   20.6;   47.29;   27.8;   14.5;    9.0;eor
        403;20180526;-999;-999;-999;    3;   0.0;   0;   13.250;   0;   2.8;  13.1; 1012.45;   20.0;   58.21;   27.4;   12.8;    7.4;eor
        403;20180527;-999;-999;-999;    3;   0.0;   6;    9.467;   0;   3.6;  15.3; 1011.37;   20.4;   66.29;   27.8;   14.6;    9.5;eor
        403;20180528;-999;-999;-999;    3;   0.0;   0;   13.817;   0;   4.4;  16.6; 1010.22;   24.3;   58.29;   32.1;   15.6;   10.6;eor
        403;20180529;-999;-999;-999;    3;   0.0;   0;   15.317;   0;   0.8;  12.7; 1006.57;   25.3;   41.83;   32.2;   18.3;   12.1;eor
        403;20180530;-999;-999;-999;    3;   0.0;   6;   10.967;   0;   3.3;  15.7; 1005.38;   23.8;   54.67;   32.4;   17.2;   12.3;eor
        403;20180531;-999;-999;-999;    3;   0.0;   0;   11.783;   0;   3.2;  16.8; 1005.57;   24.3;   58.13;   31.5;   16.2;   11.7;eor
        403;20180601;-999;-999;-999;    3;   1.9;   6;   11.350;   0;   5.0;  19.1; 1004.90;   23.7;   67.79;   31.1;   18.6;   14.2;eor
        403;20180602;-999;-999;-999;    3;   0.0;   6;    4.300;   0;   6.8;  19.5; 1005.81;   21.2;   78.58;   26.0;   18.0;   15.0;eor
        403;20180603;-999;-999;-999;    3;   0.0;   6;    4.267;   0;   5.6;  18.3; 1007.42;   19.6;   81.08;   23.7;   16.8;   12.6;eor
        403;20180604;-999;-999;-999;    3;   0.0;   0;   12.933;   0;   2.0;  16.6; 1002.78;   20.8;   69.75;   26.1;   14.6;   10.4;eor
        403;20180605;-999;-999;-999;    3;   0.0;   0;    4.083;   0;   4.8;  14.0; 1003.55;   18.1;   68.42;   23.6;   13.5;    7.6;eor
        403;20180606;-999;-999;-999;    3;   0.0;   0;   16.017;   0;   1.6;   8.9; 1008.23;   18.2;   43.58;   24.6;   12.2;    7.8;eor
        403;20180607;-999;-999;-999;    3;   0.0;   0;   15.900;   0;   1.3;  10.0; 1007.60;   20.3;   41.83;   28.8;   12.1;    7.1;eor
        403;20180608;-999;-999;-999;    3;   0.0;   0;   15.433;   0;   3.1;  12.4; 1004.25;   23.3;   45.58;   31.5;   12.9;    8.1;eor
        403;20180609;-999;-999;-999;    3;   0.0;   0;   13.600;   0;   3.7;  16.0; 1002.74;   24.7;   53.42;   31.9;   17.2;-999;eor
        403;20180610;-999;-999;-999;    3;   0.7;   6;    7.050;   0;   5.1;  20.0; 1000.35;   22.1;   78.00;   30.5;   17.1;   12.7;eor
        403;20180611;-999;-999;-999;    3;   0.0;   0;    8.550;   0;   4.6;  14.8; 1001.12;   19.5;   67.42;   24.6;   15.8;   10.8;eor
        403;20180612;-999;-999;-999;    3;   0.0;   0;    9.867;   0;   5.2;  11.7; 1000.61;   16.6;   62.50;   21.2;   13.5;   11.5;eor
        403;20180613;-999;-999;-999;    3;   0.0;   6;    0.817;   0;   7.7;  12.2; 1002.61;   15.2;   70.88;   17.4;   14.0;   13.7;eor
        403;20180614;-999;-999;-999;    3;   0.0;   0;   12.467;   0;   5.1;  11.1; 1005.54;   17.0;   58.88;   23.2;   11.6;    6.7;eor
        403;20180615;-999;-999;-999;    3;   0.0;   0;    1.083;   0;   6.9;  15.0; 1007.11;   18.5;   70.67;   23.2;   13.5;   11.9;eor
        403;20180616;-999;-999;-999;    3;   0.0;   0;    4.783;   0;   6.7;  15.5; 1006.33;   21.3;   63.00;   27.4;   15.6;   13.2;eor
        403;20180617;-999;-999;-999;    3;   0.0;   0;   12.883;   0;   3.2;  14.4; 1005.70;   20.6;   60.13;   26.3;   14.6;    9.0;eor
        403;20180618;-999;-999;-999;    3;   0.0;   6;    5.083;   0;   5.5;  13.8; 1009.85;   18.9;   64.50;   24.0;   12.3;    7.5;eor
        403;20180619;-999;-999;-999;    3;   0.0;   6;    5.783;   0;   5.4;  16.3; 1011.46;   20.7;   67.50;   25.7;   16.1;   11.8;eor
        403;20180620;-999;-999;-999;    3;   0.0;   0;    5.950;   0;   4.6;  17.0; 1010.68;   21.4;   68.88;   28.1;   14.7;   10.7;eor
        403;20180621;-999;-999;-999;    3;   2.2;   6;    8.317;   0;   4.3;  13.7; 1003.30;   16.9;   70.96;   27.1;   10.8;    9.2;eor
        403;20180622;-999;-999;-999;    3;   5.0;   8;    3.450;   0;   5.5;  10.8; 1007.52;   13.6;   70.17;   18.5;    9.9;    8.6;eor
        403;20180623;-999;-999;-999;    3;   3.9;   6;    1.833;   0;   7.2;  12.7; 1009.45;   13.4;   83.21;   18.3;   11.1;   10.2;eor
        403;20180624;-999;-999;-999;    3;   1.6;   6;    0.000;   0;   7.9;  14.4; 1009.01;   12.8;   97.25;   14.9;   11.5;   11.3;eor
        403;20180625;-999;-999;-999;    3;   0.0;   0;    2.450;   0;   5.9;  13.9; 1010.81;   15.5;   80.96;   21.4;   11.6;    9.7;eor
        403;20180626;-999;-999;-999;    3;   0.0;   6;    5.750;   0;   5.0;  13.8; 1013.25;   16.8;   74.54;   23.6;   11.4;    7.6;eor
        403;20180627;-999;-999;-999;    3;   0.0;   0;   10.667;   0;   3.5;  13.2; 1015.01;   19.2;   62.04;   25.8;   13.0;   10.0;eor
        403;20180628;-999;-999;-999;    3;   0.0;   0;   10.500;   0;   4.8;  14.8; 1011.42;   21.8;   58.38;   27.4;   15.0;   12.4;eor
        403;20180629;-999;-999;-999;    3;   0.0;   0;   14.967;   0;   3.0;  14.1; 1006.60;   21.7;   55.92;   29.8;   14.6;   10.9;eor
        403;20180630;-999;-999;-999;    3;   0.0;   0;   12.533;   0;   2.3;  10.4; 1010.28;   17.1;   53.96;   22.6;   11.5;    7.4;eor
        403;20180701;-999;-999;-999;    3;   0.0;   0;   13.033;   0;   2.3;  10.1; 1011.34;   16.6;   54.54;   22.6;   10.2;    4.7;eor
        403;20180702;-999;-999;-999;    3;   0.0;   0;   12.800;   0;   2.2;  10.4; 1008.61;   17.0;   56.75;   23.6;    8.6;    3.6;eor
        403;20180703;-999;-999;-999;    3;   0.0;   0;   15.633;   0;   1.0;  11.2; 1006.41;   19.9;   51.79;   27.3;    9.7;    6.5;eor
        403;20180704;-999;-999;-999;    3;   0.0;   0;   16.017;   0;   0.8;  11.0; 1004.10;   22.8;   44.00;   30.5;   12.9;    9.6;eor
        403;20180705;-999;-999;-999;    3;   0.0;   0;   14.183;   0;   2.5;  14.2; 1001.32;   23.9;   49.96;   31.0;   15.3;   12.8;eor
        403;20180706;-999;-999;-999;    3;   0.0;   0;    3.117;   0;   5.5;  13.8; 1006.28;   18.6;   65.04;   23.1;   14.7;   12.9;eor
        403;20180707;-999;-999;-999;    3;   0.0;   0;   15.617;   0;   2.1;  11.9; 1009.54;   18.6;   58.29;   25.5;   11.5;    9.5;eor
        403;20180708;-999;-999;-999;    3;   0.0;   0;    7.133;   0;   5.0;  15.5; 1010.26;   19.9;   67.38;   26.6;   14.1;   13.0;eor
        403;20180709;-999;-999;-999;    3;   0.0;   0;    8.583;   0;   5.6;  14.1; 1008.59;   19.3;   63.33;   23.1;   15.2;   14.1;eor
        403;20180710;-999;-999;-999;    3;   0.7;   6;    3.083;   0;   6.9;  13.1; 1006.28;   16.6;   69.25;   20.1;   13.9;   12.5;eor
        403;20180711;-999;-999;-999;    3;  38.5;   6;    7.367;   0;   6.3;  14.5; 1004.53;   17.7;   74.21;   23.9;   13.8;   12.9;eor
        403;20180712;-999;-999;-999;    3;  14.8;   6;    0.000;   0;   7.7;  16.8; 1003.55;   17.0;   87.29;   20.2;   14.3;   14.2;eor
        403;20180713;-999;-999;-999;    3;   0.2;   6;    6.533;   0;   4.2;  16.2; 1007.35;   19.5;   73.88;   26.6;   14.4;   12.7;eor
        403;20180714;-999;-999;-999;    3;   0.0;   0;   14.333;   0;   1.5;  14.8; 1009.06;   18.5;   70.92;   23.0;   14.4;   11.7;eor
        403;20180715;-999;-999;-999;    3;   0.0;   0;   14.000;   0;   1.4;  13.4; 1007.68;   18.6;   65.08;   24.4;   11.7;   10.4;eor
        403;20180716;-999;-999;-999;    3;   0.0;   0;   13.533;   0;   2.1;  15.4; 1004.40;   21.0;   65.29;   27.8;   13.8;   12.0;eor
        403;20180717;-999;-999;-999;    3;   0.0;   6;    9.850;   0;   6.3;  16.3; 1002.24;   22.6;   62.33;   29.0;   16.1;   14.4;eor
        403;20180718;-999;-999;-999;    3;   0.0;   0;   12.067;   0;   6.5;  16.5; 1004.60;   22.1;   62.96;   26.1;   18.4;   17.0;eor
        403;20180719;-999;-999;-999;    3;   0.0;   6;    8.717;   0;   3.6;  16.1; 1006.79;   20.4;   67.96;   25.8;   14.5;   12.2;eor
        403;20180720;-999;-999;-999;    3;   0.0;   0;   12.700;   0;   2.3;  13.2; 1005.20;   20.3;   58.71;   26.7;   12.3;   10.3;eor
        403;20180721;-999;-999;-999;    3;   0.0;   0;   12.117;   0;   5.5;  13.9; 1003.03;   21.2;   57.17;   27.3;   13.3;   11.4;eor
        403;20180722;-999;-999;-999;    3;   0.0;   0;    5.267;   0;   6.2;  16.3; 1003.63;   22.3;   61.79;   26.9;   16.0;   14.5;eor
        403;20180723;-999;-999;-999;    3;   0.0;   0;   14.467;   0;   1.0;  16.8; 1006.20;   21.7;   66.88;   26.4;   16.9;   14.8;eor
        403;20180724;-999;-999;-999;    3;   0.0;   0;   13.517;   0;   1.6;  18.2; 1006.13;   23.1;   66.33;   29.5;   15.3;   13.3;eor
        403;20180725;-999;-999;-999;    3;   0.0;   0;   11.867;   0;   1.6;  19.0; 1005.88;   25.4;   61.21;   31.3;   18.0;   15.7;eor
        403;20180726;-999;-999;-999;    3;   0.0;   0;   15.183;   0;   1.1;  18.4; 1007.26;   25.4;   59.50;   31.4;   16.9;   13.3;eor
        403;20180727;-999;-999;-999;    3;   0.0;   6;   11.500;   0;   2.3;  20.9; 1005.46;   25.3;   65.96;   31.5;   19.4;   16.3;eor
        403;20180728;-999;-999;-999;    3;  16.3;   6;   12.083;   0;   3.8;  21.9; 1000.58;   24.6;   74.33;   32.6;   19.3;   16.3;eor
        403;20180729;-999;-999;-999;    3;   0.0;   0;   12.883;   0;   4.4;  18.4; 1006.09;   22.3;   71.29;   28.5;   17.1;   16.4;eor
        403;20180730;-999;-999;-999;    3;   0.0;   0;   11.717;   0;   3.0;  18.3; 1007.18;   25.9;   56.63;   32.2;   20.2;   18.0;eor
        403;20180731;-999;-999;-999;    3;   0.0;   0;   14.050;   0;   1.4;  18.4; 1006.89;   27.3;   52.92;   34.8;   19.1;   16.3;eor
        403;20180801;-999;-999;-999;    3;   0.0;   6;    8.617;   0;   5.1;  21.7; 1009.37;   26.5;   62.71;   30.0;   22.5;   19.7;eor
        403;20180802;-999;-999;-999;    3;   0.0;   0;    7.917;   0;   4.9;  19.9; 1012.47;   25.7;   60.63;   30.8;   21.4;   19.3;eor
        403;20180803;-999;-999;-999;    3;   0.0;   0;   12.783;   0;   1.8;  17.3; 1011.86;   25.9;   52.21;   32.5;   20.6;   17.2;eor
        403;20180804;-999;-999;-999;    3;   0.0;   0;   11.967;   0;   2.9;  19.1; 1007.51;   26.1;   58.00;   32.9;   17.8;   15.3;eor
        403;20180805;-999;-999;-999;    3;   0.0;   0;   10.417;   0;   3.3;  16.9; 1009.84;   21.4;   66.54;   24.5;   15.4;   12.3;eor
        403;20180806;-999;-999;-999;    3;   0.0;   0;   14.550;   0;   0.7;  15.2; 1008.85;   20.9;   65.17;   29.1;   12.8;   10.5;eor
        403;20180807;-999;-999;-999;    3;   0.0;   0;   13.617;   0;   2.0;  16.1; 1003.21;   25.2;   54.38;   35.1;   14.7;   10.9;eor
        403;20180808;-999;-999;-999;    3;   0.0;   6;   10.500;   0;   4.2;  19.2; 1001.18;   27.4;   53.63;   37.0;   19.9;   16.5;eor
        403;20180809;-999;-999;-999;    3;   0.8;   6;   11.833;   0;   2.4;  20.2; 1003.72;   26.8;   60.75;   34.3;   20.8;   19.1;eor
        403;20180810;-999;-999;-999;    3;   0.0;   0;    7.383;   0;   4.0;  14.2; 1009.95;   19.7;   62.33;   23.5;   13.9;   11.0;eor
        403;20180811;-999;-999;-999;    3;   0.0;   6;    7.150;   0;   3.9;  11.2; 1010.30;   18.5;   53.88;   22.7;   14.5;   10.7;eor
        403;20180812;-999;-999;-999;    3;   0.0;   0;   13.050;   0;   5.1;  11.3; 1007.13;   19.1;   54.79;   26.7;   11.6;    8.0;eor
        403;20180813;-999;-999;-999;    3;   0.0;   6;    8.500;   0;   4.8;  14.0;  998.69;   21.5;   58.88;   31.4;   11.8;    9.0;eor
        403;20180814;-999;-999;-999;    3;   0.4;   6;    6.683;   0;   5.3;  17.8; 1001.07;   20.0;   77.17;   24.7;   16.9;   14.3;eor
        403;20180815;-999;-999;-999;    3;   0.0;   0;    6.583;   0;   5.0;  16.3; 1008.29;   19.7;   72.42;   25.2;   14.6;   12.1;eor
        403;20180816;-999;-999;-999;    3;   0.0;   0;   13.567;   0;   1.1;  15.3; 1007.70;   21.4;   64.54;   29.5;   13.3;   10.8;eor
        403;20180817;-999;-999;-999;    3;   0.0;   6;   12.500;   0;   4.2;  16.1; 1005.40;   23.6;   58.00;   32.4;   15.2;   11.9;eor
        403;20180818;-999;-999;-999;    3;   0.0;   6;    9.067;   0;   3.9;  16.1; 1011.12;   20.7;   67.63;   26.1;   15.2;   12.2;eor
        403;20180819;-999;-999;-999;    3;   0.0;   0;   12.767;   0;   2.7;  14.8; 1009.52;   21.5;   62.00;   29.7;   13.3;   10.6;eor
        403;20180820;-999;-999;-999;    3;   0.0;   6;    2.150;   0;   5.3;  17.6; 1007.41;   20.5;   72.96;   23.6;   16.0;   12.5;eor
        403;20180821;-999;-999;-999;    3;   0.0;   0;   12.333;   0;   3.0;  14.1; 1011.54;   18.7;   66.63;   23.2;   12.4;    9.0;eor
        403;20180822;-999;-999;-999;    3;   0.0;   0;   13.433;   0;   1.0;  14.1; 1009.27;   19.6;   65.25;   28.3;   10.9;    7.7;eor
        403;20180823;-999;-999;-999;    3;   0.1;   6;   10.083;   0;   2.8;  15.5; 1001.72;   24.2;   57.25;   33.9;   13.9;   11.7;eor
        403;20180824;-999;-999;-999;    3;   0.0;   6;    3.767;   0;   6.4;  14.9;  999.28;   19.6;   65.58;   23.0;   15.8;   13.7;eor
        403;20180825;-999;-999;-999;    3;   0.2;   6;    5.183;   0;   4.3;  11.9; 1000.23;   15.9;   67.13;   21.7;   11.2;    8.0;eor
        403;20180826;-999;-999;-999;    3;   0.0;   0;   10.933;   0;   2.5;  10.3; 1005.52;   14.4;   65.42;   21.1;   10.0;    7.2;eor
        403;20180827;-999;-999;-999;    3;   0.0;   6;    2.417;   0;   6.3;  11.9; 1003.47;   17.1;   61.17;   21.7;   10.2;    7.2;eor
        403;20180828;-999;-999;-999;    3;   0.0;   0;    6.000;   0;   3.8;  14.0; 1009.58;   17.3;   72.21;   22.2;   11.2;    8.2;eor
        403;20180829;-999;-999;-999;    3;   0.0;   6;   11.967;   0;   2.3;  12.6; 1006.27;   19.3;   61.38;   27.8;   10.1;    6.7;eor
        403;20180830;-999;-999;-999;    3;   3.3;   6;    0.000;   0;   7.1;  16.1; 1004.41;   16.8;   84.04;   19.3;   14.4;   11.8;eor
        403;20180831;-999;-999;-999;    3;   0.0;   0;    6.817;   0;   5.3;  12.3; 1010.68;   15.0;   73.58;   20.4;   11.2;    9.2;eor
        403;20180901;-999;-999;-999;    3;   0.0;   0;    8.183;   0;   5.3;  12.7; 1014.95;   16.3;   71.00;   22.4;    9.5;    6.3;eor
        403;20180902;-999;-999;-999;    3;   0.6;   6;    0.050;   0;   5.9;  16.1; 1014.63;   18.4;   77.38;   22.7;   14.5;   12.3;eor
        403;20180903;-999;-999;-999;    3;   0.0;   0;   10.850;   0;   3.8;  17.1; 1008.66;   22.6;   64.04;   28.7;   18.0;   14.6;eor
        403;20180904;-999;-999;-999;    3;   0.0;   0;   10.917;   0;   3.1;  16.0; 1006.98;   20.1;   70.13;   26.2;   15.4;   12.0;eor
        403;20180905;-999;-999;-999;    3;   0.0;   0;    5.983;   0;   3.6;  15.7; 1008.50;   19.3;   72.33;   25.4;   14.4;   10.4;eor
        403;20180906;-999;-999;-999;    3;   0.5;   6;   10.150;   0;   3.3;  15.1; 1004.12;   19.7;   67.67;   26.1;   15.2;   12.0;eor
        403;20180907;-999;-999;-999;    3;   0.2;   6;    2.817;   0;   6.1;  15.5; 1002.48;   18.1;   75.33;   23.2;   14.1;   11.7;eor
        403;20180908;-999;-999;-999;    3;   0.0;   0;   10.117;   0;   3.8;  11.1; 1010.05;   15.6;   65.83;   21.5;    9.5;    6.0;eor
        403;20180909;-999;-999;-999;    3;   0.0;   0;    9.800;   0;   3.6;  11.5; 1011.37;   17.8;   60.17;   25.9;   11.8;    9.2;eor
        403;20180910;-999;-999;-999;    3;   0.0;   6;    4.367;   0;   5.8;  13.5; 1011.01;   18.6;   65.25;   26.0;   11.3;    8.7;eor
        403;20180911;-999;-999;-999;    3;   0.0;   6;    8.500;   0;   6.1;  14.4; 1010.20;   20.3;   62.17;   26.4;   15.7;   13.0;eor
        403;20180912;-999;-999;-999;    3;   0.0;   6;    7.733;   0;   4.4;  15.9; 1009.48;   19.9;   69.00;   27.8;   15.0;   11.3;eor
        403;20180913;-999;-999;-999;    3;   0.5;   6;    0.000;   0;   7.9;  14.6; 1011.38;   14.6;   88.25;   16.5;   13.3;   12.5;eor
        403;20180914;-999;-999;-999;    3;   0.0;   6;    3.283;   0;   6.3;  13.9; 1010.50;   15.6;   79.92;   20.4;   12.9;    9.5;eor
        403;20180915;-999;-999;-999;    3;   0.8;   6;    5.883;   0;   4.9;  12.2; 1011.69;   15.7;   71.08;   21.0;   10.5;    6.4;eor
        403;20180916;-999;-999;-999;    3;   0.0;   0;    7.750;   0;   5.6;  12.1; 1013.82;   14.9;   74.83;   22.4;    9.0;    6.5;eor
        403;20180917;-999;-999;-999;    3;   0.0;   0;   11.000;   0;   4.9;  11.5; 1009.87;   17.1;   64.54;   27.0;    8.7;    4.9;eor
        403;20180918;-999;-999;-999;    3;   0.0;   0;   11.533;   0;   3.0;  13.5; 1005.72;   19.7;   63.46;   30.2;   11.1;    7.8;eor
        403;20180919;-999;-999;-999;    3;   0.0;   0;   11.033;   0;   1.8;  15.8; 1007.58;   20.6;   67.08;   28.7;   13.9;   10.5;eor
        403;20180920;-999;-999;-999;    3;   0.0;   0;    9.883;   0;   4.2;  14.7; 1006.71;   20.3;   66.13;   28.8;   13.9;   11.0;eor
        403;20180921;-999;-999;-999;    3;   1.7;   6;    6.067;   0;   5.2;  14.8;  999.16;   18.5;   73.46;   30.3;   10.9;    7.9;eor
        403;20180922;-999;-999;-999;    3;   0.4;   6;    2.717;   0;   6.5;  10.1; 1006.71;   13.2;   67.75;   17.6;    9.8;    8.0;eor
        403;20180923;-999;-999;-999;    3;  14.6;   6;    0.683;   0;   7.1;  11.5; 1002.50;   10.2;   92.50;   13.4;    8.2;    5.4;eor
        403;20180924;-999;-999;-999;    3;   0.3;   8;    7.433;   0;   3.3;   8.7; 1013.51;    9.3;   75.21;   13.7;    6.1;    4.7;eor
        403;20180925;-999;-999;-999;    3;   0.0;   0;    9.817;   0;   2.1;   7.8; 1026.00;    8.1;   74.42;   14.3;    3.3;    1.1;eor
        403;20180926;-999;-999;-999;    3;   0.0;   0;    7.750;   0;   5.8;   7.4; 1022.08;   11.4;   59.50;   17.2;    3.2;    0.7;eor
        403;20180927;-999;-999;-999;    3;   0.0;   0;    7.967;   0;   3.7;  12.9; 1015.07;   17.4;   64.71;   23.0;   12.2;    8.1;eor
        403;20180928;-999;-999;-999;    3;   0.0;   0;    8.283;   0;   3.8;   9.2; 1012.30;   11.9;   66.75;   16.3;    6.2;    3.0;eor
        403;20180929;-999;-999;-999;    3;   0.0;   0;   10.817;   0;   0.9;   8.2; 1017.81;    8.6;   75.83;   15.0;    3.1;    0.3;eor
        403;20180930;-999;-999;-999;    3;   0.0;   0;   11.017;   0;   1.3;   7.8; 1007.79;    9.2;   71.75;   18.5;    2.5;    0.1;eor
        403;20181001;-999;-999;-999;    3;   1.8;   6;    4.450;   0;   4.7;   9.5; 1002.92;    8.3;   87.21;   14.2;    3.5;    0.5;eor
        403;20181002;-999;-999;-999;    3;   2.1;   6;    2.866;   0;   6.1;   9.7; 1003.98;    7.9;   89.86;   10.9;    4.6;    3.0;eor
        403;20181003;-999;-999;-999;    3;   0.2;   6;    3.617;   0;   5.0;   9.1; 1007.43;   10.9;   70.21;   14.6;    8.5;    6.6;eor
        403;20181004;-999;-999;-999;    3;   0.0;   0;    2.033;   0;   6.0;  11.4; 1015.56;   11.4;   84.38;   14.8;    7.7;    4.9;eor
        403;20181005;-999;-999;-999;    3;   0.0;   0;    9.950;   0;   3.5;  11.6; 1011.56;   13.6;   77.29;   20.5;    8.0;    4.4;eor
        403;20181006;-999;-999;-999;    3;   0.0;   0;    9.317;   0;   4.8;  12.3; 1001.40;   14.3;   77.79;   22.9;    6.9;    3.2;eor
        403;20181007;-999;-999;-999;    3;   0.0;   0;    0.917;   0;   4.8;  10.7; 1006.73;   10.5;   84.13;   13.6;    3.2;    0.0;eor
        403;20181008;-999;-999;-999;    3;   0.0;   0;   10.283;   0;   5.0;   8.3; 1013.29;    7.7;   81.92;   15.1;    1.9;   -1.3;eor
        403;20181009;-999;-999;-999;    3;   0.0;   0;    6.183;   0;   5.0;  10.8; 1013.24;   10.5;   86.88;   18.5;    3.9;    1.2;eor
        403;20181010;-999;-999;-999;    3;   0.0;   0;   10.067;   0;   3.0;  12.7; 1012.98;   14.4;   80.00;   23.5;    6.8;    3.5;eor
        403;20181011;-999;-999;-999;    3;   0.0;   0;    9.900;   0;   0.4;  12.4; 1008.92;   16.0;   72.17;   24.2;   10.8;    6.1;eor
        403;20181012;-999;-999;-999;    3;   0.0;   0;    9.967;   0;   0.6;  12.5; 1012.55;   15.6;   73.79;   25.3;    9.0;    4.4;eor
        403;20181013;-999;-999;-999;    3;   0.0;   0;    9.917;   0;   0.0;  12.5; 1013.72;   15.8;   73.67;   25.5;    9.4;-999;eor
        403;20181014;-999;-999;-999;    3;   0.0;   0;    9.817;   0;   0.0;  11.4; 1006.70;   15.6;   67.13;   24.2;    9.2;    4.5;eor
        403;20181015;-999;-999;-999;    3;   0.0;   0;    8.350;   0;   2.8;  10.2; 1006.27;   13.9;   66.29;   22.8;    8.7;    3.9;eor
        403;20181016;-999;-999;-999;    3;   0.0;   0;    8.200;   0;   1.8;  10.8; 1008.71;   12.5;   77.33;   21.8;    6.6;    3.0;eor
        403;20181017;-999;-999;-999;    3;   0.0;   0;    9.450;   0;   0.1;  11.2; 1009.72;   12.2;   82.08;   21.2;    6.2;    2.6;eor
        403;20181018;-999;-999;-999;    3;   0.0;   6;    5.017;   0;   4.5;  12.1; 1011.52;   11.2;   90.71;   15.4;    6.6;    2.9;eor
        403;20181019;-999;-999;-999;    3;   0.0;   0;    7.717;   0;   4.2;   9.1; 1015.53;    9.1;   80.21;   14.5;    2.8;   -1.5;eor
        403;20181020;-999;-999;-999;    3;   0.0;   6;    3.067;   0;   5.7;   7.9; 1018.32;    8.1;   75.21;   12.7;    2.5;   -1.5;eor
        403;20181021;-999;-999;-999;    3;   0.0;   0;    9.750;   0;   1.6;   8.7; 1018.56;    8.1;   82.83;   15.7;    2.9;   -1.2;eor
        403;20181022;-999;-999;-999;    3;   1.4;   6;    1.600;   0;   4.2;   9.2; 1017.20;    7.5;   88.38;   11.6;    4.0;    0.1;eor
        403;20181023;-999;-999;-999;    3;  10.7;   6;    0.000;   0;   7.1;  10.4; 1003.88;    8.6;   91.42;   11.6;    4.5;    1.0;eor
        403;20181024;-999;-999;-999;    3;   0.5;   6;    7.433;   0;   4.7;   7.7; 1003.87;    9.2;   66.67;   11.9;    4.7;    1.2;eor
        403;20181025;-999;-999;-999;    3;   0.6;   6;    0.317;   0;   7.5;  10.9; 1001.49;   11.1;   82.50;   12.7;    9.4;    8.7;eor
        403;20181026;-999;-999;-999;    3;   0.1;   6;    0.467;   0;   7.0;   9.9;  996.53;    9.8;   81.29;   12.0;    7.1;    3.8;eor
        403;20181027;-999;-999;-999;    3;   0.0;   0;    0.850;   0;   6.6;   7.6;  996.16;    7.5;   72.83;    9.6;    4.0;    1.2;eor
        403;20181028;-999;-999;-999;    3;   0.2;   6;    0.900;   0;   7.6;   7.6; 1004.92;    5.9;   81.67;    8.4;    3.6;    2.8;eor
        403;20181029;-999;-999;-999;    3;   0.0;   6;    0.000;   0;   7.9;   7.6;  997.87;    4.6;   89.63;    6.2;    3.9;    3.8;eor
        403;20181030;-999;-999;-999;    3;   0.3;   6;    6.083;   0;   5.6;  10.0;  986.34;   12.7;   69.46;   21.1;    6.2;    6.2;eor
        403;20181031;-999;-999;-999;    3;   0.0;   0;    8.833;   0;   3.6;   7.4; 1007.04;    8.4;   67.63;   13.2;    4.6;    0.7;eor
        403;20181101;-999;-999;-999;    3;   0.0;   0;    2.833;   0;   5.4;   9.3; 1004.12;    7.7;   88.33;   11.8;    3.4;    0.0;eor
        403;20181102;-999;-999;-999;    3;   0.0;   0;    6.117;   0;   4.7;   9.1; 1011.88;    7.9;   87.04;   14.2;    3.9;    0.3;eor
        403;20181103;-999;-999;-999;    3;   0.0;   0;    1.833;   0;   5.3;   9.0; 1019.12;    7.0;   90.50;   11.1;    4.5;    0.9;eor
        403;20181104;-999;-999;-999;    3;   0.0;   0;    0.000;   0;   7.7;  11.2; 1010.98;    9.2;   96.17;   10.8;    4.7;    1.4;eor
        403;20181105;-999;-999;-999;    3;   0.0;   0;    2.800;   0;   6.7;  11.7; 1003.46;   10.8;   90.63;   14.7;    7.9;    3.7;eor
        403;20181106;-999;-999;-999;    3;   0.0;   0;    8.317;   0;   1.5;  11.0; 1001.29;   10.8;   85.92;   17.9;    5.8;    1.8;eor
        403;20181107;-999;-999;-999;    3;   0.0;   0;    8.367;   0;   2.3;  11.1; 1002.49;    9.5;   93.83;   16.0;    5.7;    1.5;eor
        403;20181108;-999;-999;-999;    3;   0.1;   6;    3.533;   0;   5.4;  10.7; 1010.39;    8.5;   95.38;   13.7;    4.2;    1.4;eor
        403;20181109;-999;-999;-999;    3;  -999;   6;    0.000;   0;   6.9;  11.3; 1008.11;    8.7;  100.00;   10.4;    6.8;-999;eor
        403;20181110;-999;-999;-999;    3;   0.0;   6;    3.033;-999;   5.7;  10.5; 1001.56;    7.9;   97.92;   12.0;    5.0;    1.6;eor
        403;20181111;-999;-999;-999;    3;   1.7;   6;    1.817;   0;   5.9;  10.8; 1002.64;    8.0;  100.00;   11.2;    6.1;    3.9;eor
        403;20181112;-999;-999;-999;    3;   0.7;   6;    2.083;   0;   5.9;  11.6; 1007.30;   11.0;   89.00;   15.1;    7.6;    4.6;eor
        403;20181113;-999;-999;-999;    3;   8.9;   6;    1.117;   0;   6.0;  11.8; 1012.26;    9.7;   97.42;   12.3;    6.8;    4.4;eor
        403;20181114;-999;-999;-999;    3;   0.0;   0;    6.433;   0;   5.0;   9.7; 1019.45;    7.2;   96.13;   11.0;    4.7;    1.2;eor
        403;20181115;-999;-999;-999;    3;   0.0;   0;    0.483;   0;   4.6;   8.9; 1020.60;    6.3;   93.00;   10.4;    4.2;    1.1;eor
        403;20181116;-999;-999;-999;    3;   0.0;   0;    8.200;   0;   2.3;   6.9; 1025.10;    5.0;   79.92;    9.3;    1.6;   -1.6;eor
        403;20181117;-999;-999;-999;    3;   0.0;   0;    7.833;   0;   1.3;   5.7; 1027.83;    1.5;   84.67;    5.5;   -2.5;   -5.5;eor
        403;20181118;-999;-999;-999;    3;   0.0;   6;    1.567;   0;   5.0;   6.1; 1020.85;    1.6;   87.83;    5.8;   -3.8;   -6.4;eor
        403;20181119;-999;-999;-999;    3;   0.7;   6;    0.500;   0;   6.6;   7.1; 1013.21;    3.9;   88.29;    5.6;    2.2;   -0.1;eor
        403;20181120;-999;-999;-999;    3;   0.0;   8;    0.000;   0;   7.9;   5.6; 1009.32;    2.3;   77.29;    3.3;    1.7;    1.2;eor
        403;20181121;-999;-999;-999;    3;   0.0;   8;    0.000;   0;   8.0;   5.4; 1012.14;    1.2;   80.96;    1.8;    0.4;    0.0;eor
        403;20181122;-999;-999;-999;    3;   0.0;   6;    0.000;   0;   8.0;   5.7; 1014.76;    1.1;   86.29;    1.9;    0.5;    0.5;eor
        403;20181123;-999;-999;-999;    3;   0.0;   6;    0.000;   0;   7.8;   6.8; 1012.09;    1.9;   96.79;    3.2;    0.5;   -1.1;eor
        403;20181124;-999;-999;-999;    3;   0.0;   6;    0.000;   0;   7.9;   7.0; 1004.91;    2.2;   97.96;    3.5;    0.2;    0.5;eor
        403;20181125;-999;-999;-999;    3;   0.0;   6;    0.000;   0;   7.8;   8.1; 1002.98;    4.3;   97.38;    5.7;    2.6;    0.9;eor
        403;20181126;-999;-999;-999;    3;   0.0;   0;    0.000;   0;   7.5;   6.4; 1004.59;    2.5;   86.79;    3.9;   -0.3;   -3.2;eor
        403;20181127;-999;-999;-999;    3;   0.0;   0;    0.000;   0;   7.0;   5.1; 1012.65;    0.0;   84.38;    2.0;   -2.6;   -5.0;eor
        403;20181128;-999;-999;-999;    3;   0.0;   0;    7.333;   0;   2.8;   4.7; 1018.37;    0.2;   75.88;    3.7;   -3.1;   -5.7;eor
        403;20181129;-999;-999;-999;    3;   0.0;   6;    5.067;   0;   6.4;   3.8; 1012.53;    0.3;   62.63;    3.0;   -2.1;   -4.0;eor
        403;20181130;-999;-999;-999;    3;   3.0;   6;    0.000;   0;   7.8;   4.9; 1005.89;    0.7;   75.92;    1.7;    0.3;   -0.7;eor
        403;20181201;-999;-999;-999;    3;   0.0;   6;    1.233;   0;   6.4;   7.7; 1004.34;    3.3;   98.96;    6.7;    0.7;   -1.1;eor
        403;20181202;-999;-999;-999;    3;   2.3;   6;    0.000;   0;   7.3;   9.0;  993.44;    6.4;   92.25;    9.6;    3.7;    1.4;eor
        403;20181203;-999;-999;-999;    3;   1.7;   6;    1.650;   0;   5.8;  11.9;  990.24;   10.3;   95.00;   13.6;    7.1;    2.6;eor
        403;20181204;-999;-999;-999;    3;   0.0;   4;    2.800;   0;   3.8;   7.7; 1003.65;    6.4;   78.92;   10.1;    2.4;    0.3;eor
        403;20181205;-999;-999;-999;    3;   0.0;   6;    7.067;   0;   2.2;   6.1; 1016.40;    2.0;   87.33;    7.4;   -0.9;   -3.6;eor
        403;20181206;-999;-999;-999;    3;   1.2;   6;    0.050;   0;   7.8;   7.3; 1006.75;    4.8;   82.63;    9.3;    1.3;   -0.1;eor
        403;20181207;-999;-999;-999;    3;   7.7;   6;    0.000;   0;   7.9;  12.0;  995.41;   10.3;   95.92;   12.1;    9.2;    8.0;eor
        403;20181208;-999;-999;-999;    3;   3.2;   6;    0.183;   0;   5.8;   7.8;  990.07;    7.0;   77.42;    9.4;    5.0;    2.7;eor
        403;20181209;-999;-999;-999;    3;   1.5;   6;    0.033;   0;   7.4;   8.7;  983.38;    7.1;   85.83;    8.2;    5.8;    5.4;eor
        403;20181210;-999;-999;-999;    3;   0.4;   6;    1.217;   0;   6.9;   6.7;  998.75;    4.6;   79.29;    5.9;    3.4;    2.7;eor
        403;20181211;-999;-999;-999;    3;   4.1;   6;    0.000;   0;   7.6;   7.3; 1004.18;    3.7;   92.00;    4.8;    2.2;    1.1;eor
        403;20181212;-999;-999;-999;    3;   0.0;   6;    0.267;   0;   6.8;   6.8; 1013.83;    2.8;   90.79;    4.2;    1.5;   -1.6;eor
        403;20181213;-999;-999;-999;    3;   0.0;   8;    0.000;   0;   7.9;   6.4; 1014.36;    2.1;   90.29;    2.7;    0.8;    0.2;eor
        403;20181214;-999;-999;-999;    3;   0.0;   0;    0.000;   0;   7.6;   5.2; 1016.49;    0.4;   82.29;    1.1;   -0.4;   -1.0;eor
        403;20181215;-999;-999;-999;    3;   0.0;   4;    0.000;   0;   7.9;   5.2; 1018.12;    0.0;   84.25;    0.9;   -0.6;   -0.9;eor
        403;20181216;-999;-999;-999;    3;   0.0;   7;    0.000;   0;   7.7;   4.6; 1007.25;   -0.6;   79.21;    0.2;   -1.6;   -3.6;eor
        403;20181217;-999;-999;-999;    3;   0.0;   8;    0.000;   0;   7.6;   6.0; 1010.55;    0.8;   91.75;    2.3;   -1.2;   -1.3;eor
        403;20181218;-999;-999;-999;    3;   0.0;   6;    0.967;   0;   7.0;   7.3; 1014.93;    3.0;   95.75;    6.5;   -0.1;   -3.1;eor
        403;20181219;-999;-999;-999;    3;   0.0;   6;    0.000;   0;   7.1;   6.4; 1007.93;    1.5;   93.96;    2.9;   -0.8;   -3.9;eor
        403;20181220;-999;-999;-999;    3;   1.2;   6;    0.117;   0;   7.4;   7.5; 1004.84;    3.7;   93.46;    5.1;    2.5;   -0.1;eor
        403;20181221;-999;-999;-999;    3;   6.7;   6;    0.000;   0;   7.5;   9.2;  996.05;    6.4;   95.92;   10.7;    3.9;    0.8;eor
        403;20181222;-999;-999;-999;    3;   7.5;   6;    0.000;   0;   7.3;   7.9;  997.66;    6.5;   82.13;    9.7;    3.8;    1.7;eor
        403;20181223;-999;-999;-999;    3;   3.9;   6;    0.000;   0;   7.8;   9.0; 1005.24;    5.8;   97.13;    7.4;    4.1;    3.0;eor
        403;20181224;-999;-999;-999;    3;   0.7;   8;    0.000;   0;   7.8;   6.3; 1013.10;    1.8;   89.29;    5.4;   -0.1;   -0.1;eor
        403;20181225;-999;-999;-999;    3;   0.2;   6;    0.000;   0;   7.5;   7.3; 1017.89;    4.6;   85.83;    5.7;    3.0;    2.7;eor
        403;20181226;-999;-999;-999;    3;   0.6;   6;    0.000;   0;   7.8;   8.4; 1016.41;    5.5;   93.38;    6.3;    4.6;    4.1;eor
        403;20181227;-999;-999;-999;    3;   0.4;   6;    0.017;   0;   7.9;   8.6; 1014.25;    5.1;   97.08;    5.9;    3.8;    2.3;eor
        403;20181228;-999;-999;-999;    3;   1.0;   6;    0.000;   0;   7.8;   8.7; 1014.53;    5.9;   94.04;    6.8;    5.0;    4.8;eor
        403;20181229;-999;-999;-999;    3;   5.8;   6;    0.000;   0;   7.9;   8.9; 1014.50;    5.6;   97.42;    6.6;    4.3;    4.1;eor
        403;20181230;-999;-999;-999;    3;   0.1;   6;    0.017;   0;   6.7;   7.9; 1012.66;    6.2;   83.96;    7.7;    3.5;    1.4;eor
        403;20181231;-999;-999;-999;    3;   0.4;   6;    0.050;   0;   7.5;   8.7; 1019.43;    5.5;   96.29;    8.2;    3.0;    1.4;eor
        403;20190101;-999;-999;-999;    3;   2.2;   8;    0.633;   0;   7.2;   8.0; 1007.15;    6.4;   82.33;    8.5;    3.1;    2.1;eor
        403;20190102;-999;-999;-999;    3;   0.1;   7;    1.250;   0;   4.1;   4.3; 1013.65;    1.8;   61.83;    3.5;   -1.5;   -3.6;eor
        403;20190103;-999;-999;-999;    3;   0.0;   7;    0.000;   0;   4.2;   4.9; 1022.47;   -0.4;   82.58;    1.5;   -2.5;   -5.2;eor
        403;20190104;-999;-999;-999;    3;   1.9;   6;    0.000;   0;   7.6;   6.8; 1017.32;    1.8;   97.71;    4.7;   -1.0;   -1.5;eor
        403;20190105;-999;-999;-999;    3;   0.0;   8;    0.433;   0;   7.3;   8.7; 1009.96;    6.0;   92.63;    7.9;    2.4;    0.1;eor
        403;20190106;-999;-999;-999;    3;   0.2;   8;    0.633;   0;   6.7;   6.1; 1017.64;    2.0;   87.04;    3.3;    0.0;   -2.2;eor
        403;20190107;-999;-999;-999;    3;   6.5;   6;    0.000;   0;   7.6;   7.6; 1014.93;    3.0;   99.13;    5.6;   -0.3;   -2.4;eor
        403;20190108;-999;-999;-999;    3;  10.2;   8;    0.000;   0;   7.3;   8.1;  991.73;    4.6;   95.50;    6.0;    2.1;    1.7;eor
        403;20190109;-999;-999;-999;    3;   2.3;   8;    0.000;   0;   7.9;   6.7;  996.97;    1.9;   95.00;    2.9;    1.0;    0.4;eor
        403;20190110;-999;-999;-999;    3;   0.0;   8;    0.467;   0;   7.3;   5.5; 1012.08;    0.9;   83.13;    2.0;    0.0;   -0.6;eor
        403;20190111;-999;-999;-999;    3;   1.5;   8;    0.000;   0;   7.8;   6.9; 1006.65;    2.2;   95.25;    5.4;   -0.2;   -0.5;eor
        403;20190112;-999;-999;-999;    3;   3.8;   6;    0.000;   0;   7.9;   7.9; 1000.15;    4.9;   90.88;    5.8;    4.0;    3.4;eor
        403;20190113;-999;-999;-999;    3;   4.0;   8;    0.000;   0;   7.8;   8.9;  985.71;    6.1;   94.21;    7.9;    5.0;    4.4;eor
        403;20190114;-999;-999;-999;    3;   0.0;   8;    3.833;   0;   4.0;   4.5;  991.11;    2.5;   61.63;    6.0;    0.2;   -1.0;eor
        403;20190115;-999;-999;-999;    3;   1.6;   8;    0.000;   0;   7.4;   7.0;  999.09;    3.9;   85.33;    6.5;    1.3;    0.0;eor
        403;20190116;-999;-999;-999;    3;   0.0;   6;    0.000;   0;   7.8;   7.9;  996.63;    6.1;   83.58;    7.0;    2.8;    1.0;eor
        403;20190117;-999;-999;-999;    3;   3.3;   8;    1.817;   0;   7.2;   6.6;  989.95;    4.4;   79.04;    7.3;    1.7;    0.7;eor
        403;20190118;-999;-999;-999;    3;   0.0;   7;    7.733;   1;   5.0;   5.1; 1005.23;    0.4;   80.71;    2.1;   -1.4;   -3.1;eor
        403;20190119;-999;-999;-999;    3;   0.0;   0;    6.100;   0;   5.1;   5.1; 1010.10;   -0.2;   84.88;    3.3;   -4.2;   -6.4;eor
        403;20190120;-999;-999;-999;    3;   0.0;   0;    7.583;   0;   2.7;   4.6; 1010.07;   -2.7;   91.83;    1.9;   -6.2;   -8.4;eor
        403;20190121;-999;-999;-999;    3;   0.0;   7;    2.567;   0;   6.7;   4.5; 1011.70;   -3.5;   94.17;   -2.0;   -4.9;   -6.8;eor
        403;20190122;-999;-999;-999;    3;   0.0;   7;    6.067;   0;   2.9;   4.0; 1002.30;   -3.5;   86.29;    0.7;   -5.6;   -7.7;eor
        403;20190123;-999;-999;-999;    3;   0.0;   7;    2.900;   0;   6.6;   3.6;  996.22;   -5.5;   89.04;   -3.5;   -6.8;   -7.3;eor
        403;20190124;-999;-999;-999;    3;   0.0;   7;    0.000;   0;   7.9;   3.6; 1002.60;   -3.9;   78.38;   -3.3;   -4.5;   -4.2;eor
        403;20190125;-999;-999;-999;    3;   0.7;   7;    1.367;   0;   7.5;   3.8; 1004.30;   -3.7;   81.42;   -2.3;   -4.6;   -4.5;eor
        403;20190126;-999;-999;-999;    3;   5.0;   8;    0.000;   1;   8.0;   6.4;  992.63;    0.6;   98.00;    3.6;   -3.2;   -3.3;eor
        403;20190127;-999;-999;-999;    3;   2.7;   6;    0.000;   0;   7.3;   7.6;  980.55;    4.0;   93.42;    6.0;    2.4;    0.8;eor
        403;20190128;-999;-999;-999;    3;   1.8;   8;    4.267;   0;   6.8;   6.9;  981.84;    3.0;   90.79;    5.7;    1.1;   -1.1;eor
        403;20190129;-999;-999;-999;    3;   0.0;   7;    0.717;   0;   6.8;   6.1;  992.87;    0.9;   93.71;    3.2;   -2.0;   -4.1;eor
        403;20190130;-999;-999;-999;    3;   0.0;   0;    5.967;   0;   5.1;   4.9;  990.88;   -0.5;   83.38;    3.1;   -3.0;   -4.9;eor
        403;20190131;-999;-999;-999;    3;   0.0;   0;    2.617;   0;   6.0;   5.0;  990.59;    0.1;   82.63;    4.7;   -2.2;   -4.8;eor
        403;20190201;-999;-999;-999;    3;   1.3;   8;    0.000;   0;   5.5;   5.1;  987.02;   -0.7;   87.25;    1.9;   -3.6;   -5.9;eor
        403;20190202;-999;-999;-999;    3;   1.1;   8;    0.000;   0;   8.0;   6.3;  987.77;    0.7;   98.13;    1.4;    0.3;   -0.1;eor
        403;20190203;-999;-999;-999;    3;   0.0;   6;    0.000;   0;   7.6;   6.4; 1003.76;    1.0;   97.29;    1.8;   -0.5;   -2.0;eor
        403;20190204;-999;-999;-999;    3;   0.1;   7;    7.783;   0;   3.8;   5.5; 1016.62;    1.0;   85.50;    6.0;   -1.7;   -3.7;eor
        403;20190205;-999;-999;-999;    3;   0.0;   7;    0.000;   0;   7.6;   5.6; 1016.05;    2.1;   78.58;    3.7;   -0.3;   -2.1;eor
        403;20190206;-999;-999;-999;    3;   0.0;   0;    6.783;   0;   7.0;   5.7; 1014.57;    3.1;   75.63;    7.0;   -0.2;   -3.2;eor
        403;20190207;-999;-999;-999;    3;   0.2;   6;    0.683;   0;   6.5;   5.1; 1003.02;    2.3;   71.04;    5.4;   -0.5;   -2.5;eor
        403;20190208;-999;-999;-999;    3;   0.0;   4;    3.633;   0;   5.1;   6.8; 1003.30;    5.2;   76.75;    8.3;    1.9;   -1.9;eor
        403;20190209;-999;-999;-999;    3;   0.9;   8;    3.433;   0;   6.2;   6.7;  995.14;    7.5;   65.29;   11.1;    5.0;    2.7;eor
        403;20190210;-999;-999;-999;    3;  10.6;   8;    0.000;   0;   6.8;   8.4;  988.25;    6.2;   88.21;    8.5;    3.7;   -0.1;eor
        403;20190211;-999;-999;-999;    3;   0.2;   6;    1.750;   0;   5.5;   6.3;  996.55;    4.3;   76.33;    7.4;    0.9;   -0.1;eor
        403;20190212;-999;-999;-999;    3;   0.1;   6;    5.383;   0;   5.6;   5.3; 1016.93;    3.1;   70.29;    5.8;    1.0;   -2.5;eor
        403;20190213;-999;-999;-999;    3;   0.3;   6;    0.000;   0;   8.0;   8.7; 1021.63;    6.1;   91.83;    8.0;    3.6;    2.6;eor
        403;20190214;-999;-999;-999;    3;   0.0;   0;    6.100;   0;   3.8;   7.8; 1024.85;    6.2;   82.50;   10.6;   -0.2;   -3.2;eor
        403;20190215;-999;-999;-999;    3;   0.0;   0;    9.633;   0;   1.8;   5.6; 1023.23;    4.5;   72.17;   14.0;   -2.0;   -4.1;eor
        403;20190216;-999;-999;-999;    3;   0.0;   0;    9.783;   0;   1.0;   5.8; 1016.30;    5.9;   68.38;   16.6;   -1.3;   -4.2;eor
        403;20190217;-999;-999;-999;    3;   0.0;   0;    9.000;   0;   4.8;   6.5; 1014.21;    4.8;   78.13;   14.4;   -1.2;   -3.7;eor
        403;20190218;-999;-999;-999;    3;   0.0;   0;    9.600;   0;   2.0;   6.4; 1009.15;    5.8;   73.92;   15.4;   -1.3;   -4.0;eor
        403;20190219;-999;-999;-999;    3;   0.5;   6;    0.900;   0;   6.1;   7.3; 1005.39;    6.2;   77.25;    9.8;    1.5;   -2.9;eor
        403;20190220;-999;-999;-999;    3;   0.3;   6;    1.700;   0;   6.8;   7.8; 1010.97;    7.5;   75.75;   10.1;    5.4;    1.7;eor
        403;20190221;-999;-999;-999;    3;   3.3;   6;    1.050;   0;   7.4;   9.0; 1013.34;    8.0;   83.04;   10.6;    5.7;    1.9;eor
        403;20190222;-999;-999;-999;    3;   0.1;   6;    7.000;   0;   3.5;   5.8; 1026.67;    3.4;   69.42;    8.6;   -2.5;   -5.3;eor
        403;20190223;-999;-999;-999;    3;   0.0;   0;    9.083;   0;   3.2;   3.4; 1033.40;   -0.2;   57.92;    5.1;   -4.0;   -5.8;eor
        403;20190224;-999;-999;-999;    3;   0.0;   0;    7.800;   0;   2.3;   3.9; 1028.89;    2.8;   55.46;   12.5;   -3.3;   -5.1;eor
        403;20190225;-999;-999;-999;    3;   0.0;   0;    9.683;   0;   4.1;   5.9; 1026.35;    5.9;   64.46;   13.7;   -1.9;   -4.5;eor
        403;20190226;-999;-999;-999;    3;   0.0;   0;    2.150;   0;   4.9;   7.4; 1022.65;    6.4;   76.54;   11.4;    2.2;   -2.0;eor
        403;20190227;-999;-999;-999;    3;   0.0;   0;    9.883;   0;   1.3;   5.6; 1015.17;    7.0;   62.29;   16.2;   -0.1;   -2.6;eor
        403;20190228;-999;-999;-999;    3;   0.0;   6;    7.750;   0;   3.8;   7.4; 1001.68;    7.8;   69.46;   12.6;    2.3;   -2.5;eor
        403;20190301;-999;-999;-999;    3;   0.0;   6;    0.000;   0;   7.6;   7.2; 1002.22;    4.3;   85.71;    5.4;    2.7;   -0.6;eor
        403;20190302;-999;-999;-999;    3;   0.4;   6;    0.000;   0;   7.5;   6.2; 1004.89;    3.8;   77.46;    5.5;    2.4;   -0.1;eor
        403;20190303;-999;-999;-999;    3;   1.0;   6;    0.000;   0;   7.8;   9.8;  996.03;    8.7;   86.83;   11.5;    4.1;    3.1;eor
        403;20190304;-999;-999;-999;    3;   2.7;   6;    1.667;   0;   5.7;   8.6;  983.77;    9.5;   72.63;   15.1;    6.1;    3.9;eor
        403;20190305;-999;-999;-999;    3;   0.8;   8;    3.117;   0;   5.2;   7.0;  992.50;    6.0;   75.63;    8.9;    1.7;   -1.9;eor
        403;20190306;-999;-999;-999;    3;   1.2;   6;    7.233;   0;   5.5;   7.0;  997.98;    6.7;   73.33;   12.7;    0.1;   -2.9;eor
        403;20190307;-999;-999;-999;    3;   0.2;   6;    1.950;   0;   5.7;   8.6;  987.66;   10.3;   69.25;   16.8;    7.2;    3.7;eor
        403;20190308;-999;-999;-999;    3;   2.2;   6;    3.833;   0;   4.1;   7.2;  996.02;    7.6;   68.50;    9.6;    4.5;   -0.4;eor
        403;20190309;-999;-999;-999;    3;   6.9;   8;    2.067;   0;   6.7;   7.9;  995.64;    7.1;   79.04;   11.6;    4.5;    2.5;eor
        403;20190310;-999;-999;-999;    3;  13.7;   8;    0.800;   0;   6.7;   7.2;  993.36;    4.4;   86.25;    7.7;    0.4;    0.0;eor
        403;20190311;-999;-999;-999;    3;   3.0;   6;    1.833;   0;   7.1;   7.0; 1000.67;    3.1;   91.67;    5.3;    1.3;    0.1;eor
        403;20190312;-999;-999;-999;    3;   0.7;   6;    3.217;   0;   7.1;   6.4; 1005.21;    5.4;   73.17;    9.5;    1.8;    1.3;eor
        403;20190313;-999;-999;-999;    3;   1.6;   6;    3.583;   0;   6.6;   6.4;  991.86;    7.3;   63.29;    9.6;    4.6;    2.1;eor
        403;20190314;-999;-999;-999;    3;  10.6;   6;    0.117;   0;   7.6;   8.3;  988.01;    5.7;   90.54;    8.4;    4.0;    3.1;eor
        403;20190315;-999;-999;-999;    3;   1.0;   6;    0.817;   0;   6.3;   8.1;  988.32;    7.5;   78.54;   10.0;    5.5;    4.5;eor
        403;20190316;-999;-999;-999;    3;   5.4;   6;    1.400;   0;   6.9;   8.0;  994.65;    6.5;   81.83;    8.7;    4.6;    3.8;eor
        403;20190317;-999;-999;-999;    3;   0.9;   8;    2.650;   0;   6.5;   8.1;  991.45;    8.3;   74.29;   13.0;    3.9;    1.1;eor
        403;20190318;-999;-999;-999;    3;   1.1;   8;    3.150;   0;   4.7;   6.5; 1001.68;    5.0;   75.38;    8.9;    2.8;    0.2;eor
        403;20190319;-999;-999;-999;    3;   0.0;   8;    3.550;   0;   4.3;   6.1; 1015.07;    4.4;   73.67;    8.3;   -0.6;   -3.5;eor
        403;20190320;-999;-999;-999;    3;   0.0;   0;    8.933;   0;   4.6;   6.5; 1022.39;    6.9;   68.75;   12.8;   -2.6;   -4.4;eor
        403;20190321;-999;-999;-999;    3;   0.0;   6;    0.717;   0;   6.3;  10.0; 1023.55;    9.5;   84.54;   11.9;    4.8;    0.9;eor
        403;20190322;-999;-999;-999;    3;   0.0;   0;    2.683;   0;   5.1;  10.1; 1022.17;    8.4;   91.96;   11.8;    4.7;    1.0;eor
        403;20190323;-999;-999;-999;    3;   0.0;   0;   10.317;   0;   5.1;   9.6; 1017.09;    9.5;   81.92;   16.2;    4.1;    1.0;eor
        403;20190324;-999;-999;-999;    3;   0.0;   8;    7.517;   0;   4.8;   6.6; 1014.91;    6.6;   69.75;   12.0;    2.5;   -1.6;eor
        403;20190325;-999;-999;-999;    3;   4.1;   8;    3.983;   0;   5.1;   6.8; 1006.07;    4.3;   82.33;    7.9;    1.4;   -0.3;eor
        403;20190326;-999;-999;-999;    3;   1.1;   8;    2.517;   0;   5.7;   7.2; 1014.01;    4.9;   83.83;    7.8;    1.6;   -0.4;eor
        403;20190327;-999;-999;-999;    3;   2.4;   6;    0.483;   0;   7.2;   9.0; 1019.19;    7.3;   87.92;    9.9;    3.3;   -0.3;eor
        403;20190328;-999;-999;-999;    3;   0.8;   6;    0.000;   0;   8.0;  11.0; 1022.39;    8.7;   98.04;   10.0;    7.9;    7.6;eor
        403;20190329;-999;-999;-999;    3;   0.0;   0;    0.000;   0;   6.8;  10.1; 1021.75;    9.4;   86.58;   12.1;    4.1;    0.3;eor
        403;20190330;-999;-999;-999;    3;   0.0;   0;   11.250;   0;   4.2;   8.2; 1012.55;   10.2;   70.21;   18.6;    2.2;   -1.1;eor
        403;20190331;-999;-999;-999;    3;   0.0;   0;    6.300;   0;   2.7;   6.8; 1012.98;    8.0;   63.29;   11.9;    1.4;   -3.4;eor
        403;20190401;-999;-999;-999;    3;   0.0;   0;   12.417;   0;   0.1;   4.8; 1016.39;    5.7;   54.63;   12.2;   -2.0;   -5.2;eor
        403;20190402;-999;-999;-999;    3;   0.0;   0;   10.750;   0;   3.3;   5.9; 1003.67;    8.8;   51.71;   15.7;    2.1;   -1.9;eor
        403;20190403;-999;-999;-999;    3;   0.0;   0;    8.767;   0;   6.3;   8.8;  994.09;   13.1;   59.50;   19.7;    7.1;    3.8;eor
        403;20190404;-999;-999;-999;    3;   0.0;   0;   11.483;   0;   3.2;   9.2;  989.57;   14.4;   56.75;   20.9;    7.8;    2.3;eor
        403;20190405;-999;-999;-999;    3;   0.0;   0;    5.067;   0;   5.6;   9.7;  995.58;   10.4;   77.25;   14.6;    6.0;    2.7;eor
        403;20190406;-999;-999;-999;    3;   0.0;   0;   11.683;   0;   1.5;   9.2;  997.80;   14.6;   58.50;   22.1;    7.1;    3.0;eor
        403;20190407;-999;-999;-999;    3;   0.0;   0;   12.200;   0;   0.4;   8.0;  998.56;   13.7;   52.25;   19.8;    6.5;    1.4;eor
        403;20190408;-999;-999;-999;    3;   0.0;   6;   11.017;   0;   0.7;   8.0; 1000.70;   11.9;   60.04;   20.0;    4.0;    0.0;eor
        403;20190409;-999;-999;-999;    3;   0.0;   0;   11.317;   0;   3.2;   6.7; 1005.07;    7.1;   67.71;   12.4;    3.3;   -1.2;eor
        403;20190410;-999;-999;-999;    3;   0.0;   0;    6.833;   0;   5.0;   5.5; 1008.37;    5.6;   61.88;   10.5;    1.1;   -2.9;eor
        403;20190411;-999;-999;-999;    3;   0.0;   8;    3.950;   0;   6.2;   5.4; 1014.72;    3.9;   67.29;    6.5;    1.2;   -1.0;eor
        403;20190412;-999;-999;-999;    3;   0.0;   7;    0.000;   0;   7.8;   5.7; 1016.10;    3.3;   73.75;    4.8;    2.1;    1.9;eor
        403;20190413;-999;-999;-999;    3;   0.0;   8;    0.250;   0;   7.6;   5.7; 1014.49;    4.7;   66.54;    7.6;    2.2;    1.1;eor
        403;20190414;-999;-999;-999;    3;   1.5;   6;    0.117;   0;   6.9;   7.3; 1015.41;    5.9;   79.33;    9.9;    2.7;   -0.4;eor
        403;20190415;-999;-999;-999;    3;   0.0;   0;   13.217;   0;   0.3;   5.6; 1017.56;    7.9;   54.83;   13.8;    1.7;   -2.4;eor
        403;20190416;-999;-999;-999;    3;   0.0;   0;   13.000;   0;   0.4;   5.3; 1014.05;    9.2;   48.92;   16.3;    1.2;   -3.8;eor
        403;20190417;-999;-999;-999;    3;   0.0;   0;   13.250;   0;   0.8;   6.6; 1017.69;   11.2;   48.63;   18.6;    2.8;   -2.5;eor
        403;20190418;-999;-999;-999;    3;   0.0;   0;   13.083;   0;   0.4;   7.0; 1020.49;   13.6;   48.54;   21.3;    5.3;   -0.2;eor
        403;20190419;-999;-999;-999;    3;   0.0;   0;   13.267;   0;   0.0;   7.0; 1022.80;   15.1;   42.29;   22.5;    7.8;    1.8;eor
        403;20190420;-999;-999;-999;    3;   0.0;   0;   13.483;   0;   1.8;   7.4; 1020.34;   13.2;   50.75;   21.5;    4.0;   -0.6;eor
        403;20190421;-999;-999;-999;    3;   0.0;   0;   13.733;   0;   1.2;   7.6; 1013.59;   14.0;   47.58;   21.1;    5.8;    0.0;eor
        403;20190422;-999;-999;-999;    3;   0.0;   0;   13.600;   0;   1.1;   7.8; 1007.75;   13.3;   51.04;   19.1;    7.2;    0.6;eor
        403;20190423;-999;-999;-999;    3;   0.0;   6;    8.900;   0;   3.7;   8.3; 1000.33;   14.4;   51.17;   19.8;    9.3;    5.2;eor
        403;20190424;-999;-999;-999;    3;   0.2;   6;   11.050;   0;   4.1;  11.2;  997.23;   17.0;   58.42;   23.3;   11.6;    8.6;eor
        403;20190425;-999;-999;-999;    3;   0.0;   0;   13.033;   0;   3.6;  10.9; 1001.12;   18.4;   54.71;   25.4;   12.6;    8.4;eor
        403;20190426;-999;-999;-999;    3;   2.4;   6;   10.450;   0;   5.8;  12.4;  998.90;   18.0;   60.38;   24.0;   10.2;    7.3;eor
        403;20190427;-999;-999;-999;    3;   0.4;   6;    2.567;   0;   6.3;  10.7; 1002.51;   12.9;   74.13;   18.1;    9.4;    5.0;eor
        403;20190428;-999;-999;-999;    3;   0.4;   6;    2.117;   0;   7.2;   9.8; 1007.47;   10.1;   80.33;   13.1;    8.1;    7.9;eor
        403;20190429;-999;-999;-999;    3;   1.1;   6;    4.100;   0;   5.4;   9.8; 1008.07;   10.3;   78.33;   17.1;    5.5;    3.7;eor
        403;20190430;-999;-999;-999;    3;   0.5;   6;   13.350;   0;   2.5;   6.2; 1007.78;   10.7;   51.88;   18.1;    3.5;    1.6;eor
        403;20190501;-999;-999;-999;    3;   0.0;   6;    9.367;   0;   5.3;  10.5; 1002.47;   12.5;   73.63;   17.2;    7.7;    4.4;eor
        403;20190502;-999;-999;-999;    3;   1.0;   6;    0.150;   0;   7.6;   9.8;  996.51;    9.9;   80.17;   13.2;    7.0;    5.6;eor
        403;20190503;-999;-999;-999;    3;   0.0;   6;    5.567;   0;   6.3;   6.6;  998.00;    8.4;   60.38;   11.3;    5.5;    4.1;eor
        403;20190504;-999;-999;-999;    3;   0.0;   6;    3.917;   0;   5.4;   6.6;  997.40;    6.7;   68.17;   11.1;    1.4;   -3.3;eor
        403;20190505;-999;-999;-999;    3;   0.0;   0;    7.517;   0;   2.8;   5.8; 1006.02;    6.3;   64.67;   11.9;   -0.3;   -4.5;eor
        403;20190506;-999;-999;-999;    3;   0.6;   6;    6.733;   0;   5.0;   7.0; 1007.52;    7.9;   66.29;   13.1;    2.6;   -2.2;eor
        403;20190507;-999;-999;-999;    3;   0.0;   0;    8.650;   0;   3.9;   6.7; 1007.55;    8.1;   65.58;   13.8;    2.0;   -2.1;eor
        403;20190508;-999;-999;-999;    3;   0.2;   6;    8.700;   0;   5.7;   7.8;  997.95;   11.3;   62.25;   18.7;    0.9;   -3.4;eor
        403;20190509;-999;-999;-999;    3;   0.9;   6;    3.783;   0;   6.4;  11.7;  990.49;   13.6;   76.42;   18.0;    9.5;    4.9;eor
        403;20190510;-999;-999;-999;    3;   0.4;   6;    4.400;   0;   6.1;  11.3;  997.68;   12.4;   78.63;   16.9;    6.8;    2.0;eor
        403;20190511;-999;-999;-999;    3;   1.2;   6;    3.250;   0;   6.9;   9.5; 1004.30;   10.7;   75.21;   15.1;    5.4;    0.9;eor
        403;20190512;-999;-999;-999;    3;   0.0;   0;   12.333;   0;   5.0;   6.9; 1017.55;   11.6;   51.96;   16.9;    6.0;   -0.8;eor
        403;20190513;-999;-999;-999;    3;   0.0;   0;   10.683;   0;   2.7;   6.5; 1024.62;   10.0;   54.46;   15.8;    3.9;   -0.4;eor
        403;20190514;-999;-999;-999;    3;   0.0;   0;    8.933;   0;   3.3;   6.8; 1021.98;    8.9;   60.71;   14.0;    4.8;   -1.3;eor
        403;20190515;-999;-999;-999;    3;   3.9;   6;    2.800;   0;   6.0;   6.8; 1015.61;    8.7;   61.04;   13.1;    2.7;   -3.1;eor
        403;20190516;-999;-999;-999;    3;   7.9;   6;    0.000;   0;   7.3;  11.4; 1006.23;    9.1;   98.33;   11.4;    6.1;    2.5;eor
        403;20190517;-999;-999;-999;    3;   0.0;   0;    6.567;   0;   5.0;  11.3; 1001.82;   13.4;   75.67;   20.2;    6.1;    3.7;eor
        403;20190518;-999;-999;-999;    3;   0.0;   0;   14.617;   0;   1.5;  11.5;  998.27;   16.8;   65.46;   24.4;    9.3;    4.3;eor
        403;20190519;-999;-999;-999;    3;   6.4;   6;   10.183;   0;   4.0;  14.5;  996.03;   17.8;   74.13;   25.9;    9.7;    5.5;eor
        403;20190520;-999;-999;-999;    3;  11.5;   6;    7.167;   0;   6.3;  16.3;  992.91;   17.6;   83.58;   25.5;   12.6;    9.1;eor
        403;20190521;-999;-999;-999;    3;   1.1;   6;   10.033;   0;   4.7;  14.8;  995.74;   17.4;   76.92;   23.6;   11.3;    7.5;eor
        403;20190522;-999;-999;-999;    3;   0.7;   6;    0.000;   0;   7.8;  13.2; 1003.42;   12.6;   89.96;   15.6;   11.3;   10.9;eor
        403;20190523;-999;-999;-999;    3;   0.0;   0;   11.283;   0;   5.8;   9.7; 1008.22;   13.3;   65.71;   19.3;    7.6;    5.4;eor
        403;20190524;-999;-999;-999;    3;   0.0;   0;   13.267;   0;   6.3;  10.2; 1004.07;   16.8;   57.75;   23.2;    7.5;    4.3;eor
        403;20190525;-999;-999;-999;    3;   0.0;   0;    3.700;   0;   5.4;  10.4; 1005.20;   13.2;   68.75;   15.8;    9.5;    5.3;eor
        403;20190526;-999;-999;-999;    3;   0.0;   0;    6.733;   0;   6.4;  10.8; 1002.44;   15.8;   63.08;   21.0;    7.1;    3.1;eor
        403;20190527;-999;-999;-999;    3;   0.1;   6;    1.800;   0;   7.3;  13.9;  997.62;   17.6;   69.13;   21.2;   14.9;   13.4;eor
        403;20190528;-999;-999;-999;    3;   0.0;   0;    5.050;   0;   6.8;  11.2;  997.48;   15.2;   65.46;   19.0;    9.3;    4.1;eor
        403;20190529;-999;-999;-999;    3;   0.0;   0;   11.633;   0;   4.2;   8.0; 1010.64;   12.1;   58.25;   17.5;    5.9;    1.8;eor
        403;20190530;-999;-999;-999;    3;   0.0;   4;   11.500;   0;   4.4;   9.7; 1013.89;   15.3;   59.46;   23.3;    4.4;    0.6;eor
        403;20190531;-999;-999;-999;    3;   3.1;   6;    6.717;   0;   5.6;  16.3; 1012.97;   18.5;   77.42;   24.2;   12.1;    8.0;eor
        403;20190601;-999;-999;-999;    3;   0.0;   0;   12.700;   0;   4.0;  15.2; 1011.15;   20.3;   68.00;   27.1;   14.0;   10.3;eor
        403;20190602;-999;-999;-999;    3;   0.0;   0;   13.367;   0;   3.1;  15.5; 1007.62;   22.7;   60.25;   31.3;   14.6;   10.1;eor
        403;20190603;-999;-999;-999;    3;   0.0;   6;   11.933;   0;   2.9;  15.3; 1003.78;   24.8;   52.83;   33.2;   15.6;   11.4;eor
        403;20190604;-999;-999;-999;    3;   0.0;   0;   11.550;   0;   2.9;  17.0; 1002.47;   23.6;   61.00;   30.6;   17.2;   13.3;eor
        403;20190605;-999;-999;-999;    3;   0.0;   0;   14.183;   0;   1.3;  17.0;  999.16;   25.7;   56.08;   33.6;   16.0;   12.2;eor
        403;20190606;-999;-999;-999;    3;   5.4;   6;    8.367;   0;   4.8;  19.0;  999.29;   21.0;   78.29;   31.7;   14.5;   14.1;eor
        403;20190607;-999;-999;-999;    3;   0.1;   6;   14.133;   0;   2.5;  15.0; 1004.55;   19.4;   68.92;   25.7;   12.8;   10.1;eor
        403;20190608;-999;-999;-999;    3;   0.0;   6;    8.617;   0;   3.8;  11.9; 1009.54;   17.9;   59.25;   22.6;   10.4;    5.9;eor
        403;20190609;-999;-999;-999;    3;   3.4;   6;   12.450;   0;   4.7;  11.0; 1013.62;   18.8;   53.92;   25.9;    8.7;    4.8;eor
        403;20190610;-999;-999;-999;    3;   1.8;   6;    5.750;   0;   6.8;  17.7; 1003.88;   21.1;   71.96;   27.2;   14.5;   14.0;eor
        403;20190611;-999;-999;-999;    3;  48.0;   6;   11.267;   0;   6.3;  20.2; 1000.25;   23.0;   74.79;   29.1;   16.8;   14.6;eor
        403;20190612;-999;-999;-999;    3;  13.6;   6;    9.650;   0;   5.9;  19.7;  998.63;   22.0;   79.04;   33.0;   16.6;   15.5;eor
        403;20190613;-999;-999;-999;    3;   0.0;   6;    8.900;   0;   3.6;  15.1; 1005.27;   18.9;   72.29;   24.6;   14.7;   12.5;eor
        403;20190614;-999;-999;-999;    3;   0.0;   6;   12.050;   0;   4.1;  14.8; 1007.85;   22.8;   56.33;   29.5;   12.8;   10.1;eor
        403;20190615;-999;-999;-999;    3;   0.0;   0;   10.800;   0;   5.4;  19.7; 1001.65;   24.9;   62.88;   31.5;   17.4;   15.7;eor
        403;20190616;-999;-999;-999;    3;   0.0;   6;    5.800;   0;   6.8;  14.8; 1009.99;   17.9;   72.96;   21.5;   14.0;   11.3;eor
        403;20190617;-999;-999;-999;    3;   0.0;   0;   10.300;   0;   3.2;  15.2; 1011.72;   20.4;   66.13;   27.1;   14.4;   12.0;eor
        403;20190618;-999;-999;-999;    3;   0.0;   0;   15.283;   0;   2.6;  14.9; 1007.27;   22.8;   57.08;   29.4;   14.6;   11.1;eor
        403;20190619;-999;-999;-999;    3;   0.9;   6;   12.767;   0;   5.3;  17.8; 1000.28;   24.3;   60.88;   32.1;   16.6;   12.6;eor
        403;20190620;-999;-999;-999;    3;   1.9;   6;    6.983;   0;   6.0;  19.2; 1000.97;   21.0;   78.21;   25.7;   17.1;   14.2;eor
        403;20190621;-999;-999;-999;    3;   0.0;   0;   10.033;   0;   4.8;  15.5; 1007.42;   19.5;   70.79;   24.7;   14.9;   10.7;eor
        403;20190622;-999;-999;-999;    3;   0.0;   0;   12.417;   0;   2.8;  14.5; 1012.16;   20.1;   63.38;   25.7;   14.2;    9.9;eor
        403;20190623;-999;-999;-999;    3;   0.0;   0;   14.550;   0;   1.4;  13.2; 1012.80;   21.2;   53.63;   27.8;   14.0;   10.0;eor
        403;20190624;-999;-999;-999;    3;   0.0;   0;   15.900;   0;   3.7;  12.4; 1014.22;   22.8;   47.75;   29.7;   14.8;   10.1;eor
        403;20190625;-999;-999;-999;    3;   0.0;   0;   15.367;   0;   4.5;  16.1; 1012.10;   25.5;   51.17;   33.5;   17.5;   12.5;eor
        403;20190626;-999;-999;-999;    3;   0.0;   0;   15.100;   0;   2.0;  19.0; 1009.91;   27.9;   53.67;   36.1;   18.7;   15.1;eor
        403;20190627;-999;-999;-999;    3;   0.0;   0;   14.367;   0;   1.7;  12.5; 1013.56;   19.3;   57.83;   25.3;   14.6;   12.8;eor
        403;20190628;-999;-999;-999;    3;   0.0;   0;   10.550;   0;   3.3;  12.9; 1014.31;   17.9;   64.96;   23.9;   11.7;    8.4;eor
        403;20190629;-999;-999;-999;    3;   0.0;   0;   15.683;   0;   0.6;  13.5; 1010.94;   21.7;   57.00;   30.3;   12.2;    8.4;eor
        403;20190630;-999;-999;-999;    3;   0.0;   6;   15.033;   0;   1.3;  15.6; 1003.23;   27.6;   47.58;   37.6;   14.6;   10.1;eor
        403;20190701;-999;-999;-999;    3;   0.0;   6;    9.867;   0;   4.2;  14.4; 1004.59;   22.3;   53.58;   28.0;   16.7;   15.1;eor
        403;20190702;-999;-999;-999;    3;   0.0;   0;   10.300;   0;   3.0;  11.9; 1009.22;   17.5;   60.29;   21.5;   12.5;    9.4;eor
        403;20190703;-999;-999;-999;    3;   0.0;   0;    8.500;   0;   3.8;   9.3; 1012.62;   15.3;   54.96;   20.0;    9.8;    6.1;eor
        403;20190704;-999;-999;-999;    3;   0.0;   6;   12.017;   0;   4.1;   9.7; 1011.53;   16.6;   53.00;   22.7;    9.5;    6.7;eor
        403;20190705;-999;-999;-999;    3;   0.0;   6;    0.067;   0;   7.3;  12.6; 1004.56;   18.4;   59.50;   20.8;   13.9;   10.4;eor
        403;20190706;-999;-999;-999;    3;   7.1;   6;    1.417;   0;   7.3;  14.9;  999.54;   17.4;   76.67;   23.3;   12.9;   10.3;eor
        403;20190707;-999;-999;-999;    3;   0.0;   6;    3.150;   0;   6.4;  10.1; 1001.02;   14.8;   61.42;   18.8;   11.3;    9.3;eor
        403;20190708;-999;-999;-999;    3;   0.2;   6;    2.267;   0;   6.6;  10.6; 1005.25;   14.1;   65.71;   17.6;   11.2;    9.1;eor
        403;20190709;-999;-999;-999;    3;   0.0;   0;    4.933;   0;   4.6;  11.1; 1007.14;   14.3;   68.63;   18.3;    9.8;    7.7;eor
        403;20190710;-999;-999;-999;    3;   0.0;   6;    9.767;   0;   4.3;  11.6; 1007.16;   16.0;   66.08;   22.1;   10.0;    8.3;eor
        403;20190711;-999;-999;-999;    3;   1.2;   6;    9.250;   0;   5.1;  12.2; 1003.49;   18.0;   62.58;   23.6;    9.1;    6.6;eor
        403;20190712;-999;-999;-999;    3;   0.5;   6;    1.367;   0;   6.7;  17.1; 1000.59;   17.9;   84.38;   21.6;   14.9;   12.4;eor
        403;20190713;-999;-999;-999;    3;   2.5;   6;    7.283;   0;   5.8;  16.0; 1002.33;   18.6;   77.83;   26.3;   14.9;   13.9;eor
        403;20190714;-999;-999;-999;    3;   0.0;   0;    2.917;   0;   6.0;  15.3; 1006.65;   16.6;   81.96;   20.2;   14.5;   11.3;eor
        403;20190715;-999;-999;-999;    3;   0.0;   6;    0.267;   0;   7.4;  12.6; 1006.81;   15.3;   72.96;   17.4;   13.0;   12.1;eor
        403;20190716;-999;-999;-999;    3;   0.0;   0;    3.233;   0;   6.0;  13.6; 1004.67;   16.5;   73.04;   20.7;   12.7;   12.3;eor
        403;20190717;-999;-999;-999;    3;   0.0;   0;    8.333;   0;   3.7;  13.2; 1004.63;   16.7;   72.17;   23.2;   11.3;    8.9;eor
        403;20190718;-999;-999;-999;    3;   0.0;   0;   11.350;   0;   3.4;  12.8; 1002.78;   19.9;   58.54;   26.7;   11.6;    8.4;eor
        403;20190719;-999;-999;-999;    3;   0.0;   6;    2.933;   0;   6.6;  16.1; 1003.48;   20.3;   68.54;   24.5;   14.8;   12.6;eor
        403;20190720;-999;-999;-999;    3;  19.1;   6;   10.950;   0;   5.7;  16.2; 1004.38;   22.2;   66.46;   30.8;   13.6;   11.0;eor
        403;20190721;-999;-999;-999;    3;   0.0;   0;    9.750;   0;   4.1;  16.8; 1008.19;   20.6;   71.79;   25.9;   16.1;   14.0;eor
        403;20190722;-999;-999;-999;    3;   0.0;   6;    4.350;   0;   7.0;  16.0; 1012.82;   19.8;   70.46;   24.4;   14.0;   12.3;eor
        403;20190723;-999;-999;-999;    3;   0.0;   0;   15.267;   0;   0.8;  17.9; 1011.23;   23.1;   66.13;   29.9;   15.9;   14.2;eor
        403;20190724;-999;-999;-999;    3;   0.0;   0;   15.317;   0;   1.6;  16.7; 1008.63;   24.4;   59.17;   32.0;   16.1;   13.6;eor
        403;20190725;-999;-999;-999;    3;   0.0;   0;   14.800;   0;   1.6;  17.5; 1008.12;   25.7;   56.58;   32.9;   17.2;   14.2;eor
        403;20190726;-999;-999;-999;    3;   0.0;   0;   15.033;   0;   0.8;  15.8; 1004.05;   24.6;   53.63;   30.7;   18.8;   16.3;eor
        403;20190727;-999;-999;-999;    3;   0.0;   0;   12.183;   0;   1.9;  15.9;  997.45;   23.3;   56.42;   28.4;   18.9;   16.5;eor
        403;20190728;-999;-999;-999;    3;   0.0;   0;   12.117;   0;   4.4;  18.8;  993.27;   24.5;   62.42;   30.7;   17.8;   16.7;eor
        403;20190729;-999;-999;-999;    3;   1.1;   6;    5.717;   0;   6.0;  21.6;  997.74;   24.9;   71.58;   33.3;   20.3;   19.2;eor
        403;20190730;-999;-999;-999;    3;   0.0;   0;    2.900;   0;   6.6;  22.3; 1001.30;   21.9;   85.88;   26.0;   18.5;   15.4;eor
        403;20190731;-999;-999;-999;    3;  23.2;   6;    3.100;   0;   5.3;  19.4; 1004.95;   19.2;   88.21;   23.3;   15.0;   13.4;eor
        403;20190801;-999;-999;-999;    3;   0.3;   6;    6.033;   0;   5.1;  16.3; 1006.85;   18.7;   78.33;   24.4;   14.2;   12.6;eor
        403;20190802;-999;-999;-999;    3;   8.5;   6;    7.250;   0;   3.5;  16.6; 1005.06;   17.5;   85.75;   25.3;   13.0;   11.4;eor
        403;20190803;-999;-999;-999;    3;   0.0;   6;   10.633;   0;   4.8;  14.8; 1004.75;   19.0;   70.75;   25.6;   14.4;   12.7;eor
        403;20190804;-999;-999;-999;    3;   0.0;   0;    7.117;   0;   4.3;  15.2; 1005.95;   18.4;   74.17;   23.9;   13.3;   11.4;eor
        403;20190805;-999;-999;-999;    3;   0.0;   6;    4.600;   0;   6.0;  15.7; 1002.33;   19.3;   72.46;   24.3;   12.2;   10.6;eor
        403;20190806;-999;-999;-999;    3;   1.0;   6;    7.767;   0;   5.8;  18.2;  999.85;   21.0;   75.79;   28.3;   15.5;   12.9;eor
        403;20190807;-999;-999;-999;    1;   5.5;   6;    3.950;   0;   6.6;  18.6;  997.17;   20.1;   79.92;   25.3;   16.0;   14.1;eor
        403;20190808;-999;-999;-999;    1;   0.0;   0;   11.650;   0;   2.4;  14.4; 1000.55;   20.0;   65.38;   26.1;   13.7;   11.8;eor
        403;20190809;-999;-999;-999;    1;   0.0;   6;   10.433;   0;   5.1;  15.1; 1002.22;   20.9;   64.58;   27.5;   12.2;   10.6;eor
        403;20190810;-999;-999;-999;    1;   0.0;   0;    7.300;   0;   5.3;  17.2; 1001.03;   23.2;   60.71;   28.1;   18.5;   14.7;eor
        403;20190811;-999;-999;-999;    1;   0.0;   6;   10.083;   0;   3.9;  14.6; 1004.74;   22.0;   57.75;   28.6;   14.8;   11.8;eor
        403;20190812;-999;-999;-999;    1;   0.0;   0;    4.583;   0;   6.5;  14.6; 1004.41;   19.9;   63.38;   22.9;   16.1;   14.0;eor
        403;20190813;-999;-999;-999;    1;   0.0;   6;    9.917;   0;   4.4;  12.4; 1005.48;   17.6;   62.67;   22.1;   11.5;    8.4;eor
        403;20190814;-999;-999;-999;    1;   0.0;   0;   11.750;   0;   2.8;  10.9; 1007.35;   16.0;   62.54;   22.0;   10.4;    7.5;eor
        403;20190815;-999;-999;-999;    1;   0.1;   6;    1.933;   0;   6.3;  13.2; 1003.05;   17.3;   67.83;   22.6;    9.7;    7.0;eor
        403;20190816;-999;-999;-999;    1;   0.0;   0;    5.567;   0;   4.8;  14.9; 1005.48;   17.6;   75.75;   23.2;   12.4;    9.9;eor
        403;20190817;-999;-999;-999;    1;   0.3;   6;    3.500;   0;   6.8;  13.9; 1001.30;   19.6;   63.54;   27.7;   11.9;    9.4;eor
        403;20190818;-999;-999;-999;    1;  10.4;   6;    2.467;   0;   6.6;  19.8;  998.15;   19.8;   86.96;   26.5;   16.6;   14.8;eor
        403;20190819;-999;-999;-999;    1;   0.0;   0;    9.117;   0;   4.6;  14.7; 1006.00;   18.1;   74.21;   23.8;   12.4;   10.7;eor
        403;20190820;-999;-999;-999;    1;   0.5;   6;    6.083;   0;   6.7;  12.9; 1011.89;   18.1;   66.25;   24.2;   10.7;    9.1;eor
        403;20190821;-999;-999;-999;    1;   0.0;   0;   11.783;   0;   2.7;  12.8; 1017.38;   17.0;   68.92;   23.1;   11.1;    9.5;eor
        403;20190822;-999;-999;-999;    1;   0.0;   0;   12.600;   0;   1.8;  12.6; 1017.57;   17.9;   66.50;   26.3;    9.4;    7.4;eor
        403;20190823;-999;-999;-999;    1;   0.0;   0;   13.217;   0;   1.1;  14.0; 1016.43;   19.5;   66.71;   28.0;   11.3;    9.0;eor
        403;20190824;-999;-999;-999;    1;   0.0;   0;   11.683;   0;   1.3;  15.1; 1014.02;   21.2;   63.33;   29.1;   12.6;   10.2;eor
        403;20190825;-999;-999;-999;    1;   0.0;   6;   11.500;   0;   1.8;  16.5; 1011.52;   24.2;   55.42;   31.2;   18.7;   15.9;eor
        403;20190826;-999;-999;-999;    1;   1.6;   6;    6.517;   0;   4.3;  19.0; 1010.32;   23.0;   70.33;   31.7;   16.8;   14.0;eor
        403;20190827;-999;-999;-999;    1;   0.0;   0;    9.967;   0;   3.2;  19.9; 1008.05;   23.8;   71.83;   31.4;   17.2;   15.8;eor
        403;20190828;-999;-999;-999;    1;   0.0;   6;    8.233;   0;   3.7;  19.4; 1005.25;   24.3;   67.67;   33.4;   17.7;   15.4;eor
        403;20190829;-999;-999;-999;    1;   0.0;   0;   11.567;   0;   4.5;  18.1; 1007.68;   23.4;   65.83;   30.0;   16.3;   14.1;eor
        403;20190830;-999;-999;-999;    1;   0.0;   0;    9.267;   0;   3.8;  19.6; 1011.90;   24.1;   66.71;   29.9;   19.5;   16.7;eor
        403;20190831;-999;-999;-999;    1;   0.0;   0;   11.700;   0;   0.7;  19.1; 1005.96;   25.3;   63.00;   33.4;   18.0;   15.7;eor
        403;20190901;-999;-999;-999;    1;   0.0;   0;    8.383;   0;   3.9;  17.9; 1001.13;   22.4;   67.04;   29.6;   16.2;   15.2;eor
        403;20190902;-999;-999;-999;    1;   0.0;   0;    9.817;   0;   2.2;  11.7; 1010.77;   16.1;   66.21;   21.6;    9.9;    7.1;eor
        403;20190903;-999;-999;-999;    1;   0.0;   6;    2.767;   0;   4.4;  11.8; 1012.47;   15.2;   70.71;   20.9;    8.1;    5.7;eor
        403;20190904;-999;-999;-999;    1;   0.3;   6;   10.283;   0;   4.5;  13.5; 1006.13;   19.1;   64.75;   26.7;   13.0;   10.2;eor
        403;20190905;-999;-999;-999;    1;   0.0;   4;    6.833;   0;   4.3;  12.6; 1005.93;   17.0;   66.17;   21.8;   11.8;   10.2;eor
        403;20190906;-999;-999;-999;    1;   0.0;   0;   11.700;   0;   1.4;  10.0;  975.44;   13.5;   67.54;   20.5;    7.9;    4.9;eor
        403;20190907;-999;-999;-999;    1;   0.0;   6;    2.750;   0;   6.1;  11.1; 1008.67;   13.3;   75.33;   20.0;    6.4;    3.9;eor
